3	1
4	2
5	3
6	4
7	5
8	6
9	7
10	8
11	9
12	10
13	11
14	12
15	13
16	14
17	15
18	16
19	17
20	18
21	19
22	20
23	21
24	22
25	23
26	24
27	25
28	26
29	27
30	28
31	29
32	30
33	31
34	32
35	33
36	34
37	35
38	36
39	37
40	38
41	39
42	40
43	41
44	42
45	43
46	44
47	45
48	46
49	47
50	48
51	49
52	50
53	51
54	52
55	53
56	54
57	55
58	56
59	57
60	58
61	59
62	60
63	61
64	62
65	63
66	64
67	65
68	66
71	67
72	68
73	69
74	70
75	71
76	72
77	73
78	74
79	75
80	76
81	77
82	78
83	79
84	80
85	81
86	82
87	83
88	84
89	85
90	86
91	87
92	88
93	89
94	90
95	91
96	92
98	93
99	94
100	95
101	96
102	97
103	98
104	99
105	100
106	101
107	102
108	103
109	104
110	105
111	106
112	107
113	108
114	109
115	110
116	111
117	112
118	113
119	114
120	115
121	116
122	117
123	118
124	119
125	120
126	121
127	122
128	123
129	124
130	125
132	126
133	127
134	128
135	129
136	130
137	131
138	132
139	133
140	134
141	135
142	136
143	137
144	138
145	139
146	140
147	141
149	142
150	143
151	144
152	145
153	146
154	147
155	148
156	149
157	150
158	151
159	152
160	153
161	154
162	155
163	156
164	157
165	158
166	159
167	160
168	161
169	162
171	163
172	164
173	165
174	166
175	167
176	168
177	169
178	170
179	171
180	172
181	173
182	174
183	175
185	176
187	177
188	178
189	179
190	180
191	181
192	182
193	183
194	184
195	185
196	186
197	187
198	188
199	189
200	190
201	191
202	192
203	193
204	194
205	195
206	196
207	197
208	198
209	199
210	200
211	201
212	202
213	203
214	204
215	205
216	206
217	207
218	208
219	209
221	210
222	211
223	212
224	213
225	214
226	215
227	216
228	217
230	218
231	219
232	220
233	221
234	222
235	223
236	224
237	225
238	226
239	227
240	228
241	229
242	230
243	231
244	232
245	233
246	234
247	235
248	236
249	237
250	238
251	239
252	240
253	241
254	242
255	243
256	244
257	245
258	246
259	247
260	248
261	249
263	250
264	251
265	252
266	253
267	254
268	255
269	256
270	257
271	258
273	259
274	260
275	261
276	262
277	263
280	264
282	265
283	266
284	267
285	268
286	269
287	270
288	271
289	272
290	273
291	274
292	275
293	276
294	277
295	278
296	279
297	280
298	281
299	282
300	283
301	284
302	285
303	286
304	287
305	288
306	289
307	290
308	291
309	292
310	293
311	294
312	295
313	296
314	297
315	298
316	299
317	300
318	301
319	302
320	303
321	304
322	305
323	306
324	307
325	308
326	309
327	310
328	311
329	312
330	313
331	314
332	315
333	316
334	317
335	318
336	319
337	320
338	321
339	322
340	323
341	324
342	325
343	326
344	327
345	328
346	329
347	330
348	331
349	332
350	333
351	334
352	335
353	336
355	337
356	338
357	339
358	340
359	341
362	342
363	343
364	344
365	345
366	346
367	347
368	348
369	349
370	350
371	351
372	352
373	353
374	354
375	355
376	356
377	357
378	358
379	359
381	360
382	361
383	362
384	363
386	364
387	365
388	366
389	367
390	368
391	369
392	370
393	371
394	372
395	373
396	374
397	375
398	376
399	377
400	378
401	379
402	380
403	381
404	382
405	383
406	384
407	385
408	386
409	387
410	388
411	389
412	390
413	391
414	392
415	393
416	394
417	395
418	396
419	397
421	398
422	399
423	400
424	401
425	402
426	403
427	404
428	405
429	406
430	407
431	408
432	409
433	410
434	411
435	412
436	413
437	414
438	415
439	416
440	417
441	418
443	419
444	420
445	421
446	422
447	423
448	424
449	425
450	426
451	427
453	428
454	429
455	430
456	431
457	432
458	433
460	434
461	435
462	436
463	437
465	438
467	439
468	440
469	441
472	442
473	443
476	444
477	445
479	446
480	447
481	448
486	449
488	450
489	451
490	452
492	453
493	454
494	455
495	456
497	457
498	458
499	459
501	460
502	461
504	462
506	463
507	464
509	465
511	466
513	467
514	468
515	469
516	470
517	471
519	472
520	473
521	474
522	475
523	476
524	477
525	478
527	479
528	480
529	481
530	482
531	483
532	484
534	485
536	486
538	487
539	488
540	489
541	490
542	491
543	492
544	493
545	494
546	495
547	496
548	497
549	498
550	499
551	500
552	501
553	502
554	503
555	504
556	505
557	506
558	507
559	508
560	509
561	510
562	511
563	512
564	513
565	514
566	515
567	516
568	517
569	518
570	519
571	520
572	521
573	522
574	523
575	524
576	525
577	526
578	527
579	528
580	529
581	530
582	531
583	532
584	533
585	534
586	535
587	536
588	537
589	538
590	539
591	540
592	541
593	542
594	543
595	544
596	545
597	546
598	547
599	548
600	549
601	550
602	551
604	552
605	553
606	554
607	555
608	556
609	557
610	558
611	559
612	560
613	561
614	562
615	563
616	564
617	565
618	566
619	567
620	568
621	569
622	570
624	571
625	572
626	573
627	574
628	575
631	576
632	577
633	578
634	579
635	580
636	581
637	582
638	583
639	584
640	585
641	586
642	587
643	588
644	589
645	590
646	591
647	592
648	593
649	594
650	595
651	596
652	597
653	598
654	599
655	600
656	601
657	602
658	603
659	604
661	605
662	606
663	607
664	608
665	609
666	610
667	611
668	612
669	613
670	614
672	615
673	616
674	617
675	618
676	619
677	620
678	621
679	622
681	623
682	624
683	625
684	626
686	627
687	628
688	629
689	630
690	631
691	632
692	633
693	634
694	635
695	636
696	637
697	638
698	639
699	640
700	641
701	642
703	643
704	644
705	645
706	646
707	647
708	648
709	649
710	650
711	651
712	652
713	653
714	654
715	655
716	656
717	657
718	658
719	659
720	660
721	661
722	662
723	663
724	664
725	665
726	666
727	667
728	668
729	669
730	670
731	671
732	672
733	673
734	674
735	675
736	676
737	677
738	678
739	679
741	680
742	681
743	682
744	683
745	684
746	685
748	686
749	687
750	688
751	689
752	690
753	691
754	692
755	693
756	694
758	695
759	696
760	697
761	698
762	699
763	700
764	701
765	702
766	703
767	704
768	705
769	706
770	707
771	708
772	709
773	710
774	711
775	712
776	713
778	714
779	715
780	716
781	717
782	718
783	719
784	720
785	721
786	722
787	723
788	724
789	725
791	726
792	727
793	728
794	729
795	730
796	731
797	732
798	733
799	734
800	735
801	736
802	737
803	738
804	739
805	740
806	741
807	742
808	743
810	744
811	745
812	746
813	747
814	748
815	749
816	750
817	751
818	752
819	753
820	754
821	755
822	756
823	757
824	758
825	759
826	760
827	761
829	762
830	763
831	764
832	765
835	766
836	767
837	768
838	769
839	770
840	771
841	772
842	773
843	774
844	775
845	776
847	777
848	778
849	779
850	780
851	781
852	782
853	783
854	784
855	785
856	786
857	787
859	788
860	789
861	790
862	791
863	792
864	793
865	794
866	795
867	796
868	797
869	798
870	799
871	800
872	801
873	802
874	803
875	804
876	805
877	806
878	807
879	808
880	809
881	810
882	811
883	812
885	813
886	814
887	815
888	816
889	817
890	818
891	819
892	820
893	821
895	822
896	823
897	824
898	825
899	826
900	827
902	828
903	829
904	830
905	831
906	832
907	833
908	834
909	835
910	836
911	837
912	838
913	839
914	840
915	841
916	842
917	843
918	844
919	845
920	846
921	847
922	848
923	849
924	850
926	851
927	852
928	853
929	854
930	855
931	856
932	857
933	858
934	859
935	860
936	861
937	862
938	863
940	864
941	865
942	866
943	867
944	868
945	869
946	870
947	871
948	872
949	873
950	874
951	875
954	876
955	877
956	878
957	879
958	880
959	881
960	882
961	883
962	884
963	885
964	886
965	887
966	888
967	889
968	890
969	891
970	892
971	893
972	894
973	895
974	896
975	897
976	898
977	899
978	900
979	901
980	902
981	903
982	904
983	905
984	906
985	907
986	908
987	909
988	910
989	911
990	912
991	913
992	914
993	915
994	916
995	917
996	918
998	919
999	920
1000	921
1001	922
1002	923
1003	924
1004	925
1005	926
1006	927
1007	928
1008	929
1009	930
1010	931
1011	932
1012	933
1013	934
1014	935
1016	936
1017	937
1018	938
1019	939
1020	940
1021	941
1022	942
1023	943
1024	944
1025	945
1026	946
1027	947
1028	948
1029	949
1030	950
1031	951
1032	952
1033	953
1034	954
1035	955
1037	956
1038	957
1039	958
1040	959
1041	960
1042	961
1043	962
1044	963
1045	964
1046	965
1047	966
1048	967
1049	968
1050	969
1051	970
1052	971
1053	972
1055	973
1058	974
1059	975
1060	976
1061	977
1062	978
1063	979
1064	980
1065	981
1066	982
1067	983
1068	984
1070	985
1071	986
1072	987
1074	988
1075	989
1077	990
1078	991
1079	992
1080	993
1081	994
1082	995
1083	996
1084	997
1085	998
1086	999
1087	1000
1088	1001
1089	1002
1090	1003
1092	1004
1093	1005
1094	1006
1095	1007
1096	1008
1097	1009
1098	1010
1099	1011
1100	1012
1101	1013
1102	1014
1103	1015
1104	1016
1105	1017
1106	1018
1107	1019
1108	1020
1109	1021
1110	1022
1111	1023
1112	1024
1113	1025
1114	1026
1115	1027
1120	1028
1123	1029
1124	1030
1125	1031
1126	1032
1127	1033
1128	1034
1129	1035
1130	1036
1131	1037
1132	1038
1133	1039
1134	1040
1135	1041
1137	1042
1138	1043
1139	1044
1140	1045
1141	1046
1142	1047
1143	1048
1144	1049
1145	1050
1146	1051
1147	1052
1148	1053
1150	1054
1151	1055
1152	1056
1154	1057
1155	1058
1156	1059
1157	1060
1158	1061
1159	1062
1160	1063
1161	1064
1164	1065
1165	1066
1166	1067
1167	1068
1168	1069
1169	1070
1170	1071
1171	1072
1172	1073
1173	1074
1174	1075
1175	1076
1176	1077
1177	1078
1178	1079
1179	1080
1180	1081
1181	1082
1182	1083
1183	1084
1184	1085
1185	1086
1186	1087
1187	1088
1188	1089
1189	1090
1190	1091
1191	1092
1192	1093
1193	1094
1194	1095
1195	1096
1196	1097
1197	1098
1198	1099
1199	1100
1200	1101
1201	1102
1202	1103
1203	1104
1204	1105
1205	1106
1206	1107
1207	1108
1208	1109
1209	1110
1210	1111
1211	1112
1212	1113
1213	1114
1214	1115
1215	1116
1216	1117
1218	1118
1219	1119
1220	1120
1221	1121
1222	1122
1223	1123
1224	1124
1225	1125
1226	1126
1227	1127
1228	1128
1229	1129
1230	1130
1231	1131
1232	1132
1233	1133
1234	1134
1235	1135
1236	1136
1237	1137
1238	1138
1239	1139
1240	1140
1241	1141
1242	1142
1243	1143
1244	1144
1245	1145
1246	1146
1247	1147
1248	1148
1250	1149
1252	1150
1253	1151
1254	1152
1255	1153
1256	1154
1257	1155
1258	1156
1259	1157
1260	1158
1261	1159
1262	1160
1264	1161
1266	1162
1267	1163
1268	1164
1269	1165
1270	1166
1271	1167
1272	1168
1273	1169
1274	1170
1275	1171
1276	1172
1277	1173
1278	1174
1279	1175
1280	1176
1281	1177
1282	1178
1284	1179
1285	1180
1286	1181
1287	1182
1290	1183
1291	1184
1292	1185
1293	1186
1294	1187
1295	1188
1296	1189
1297	1190
1298	1191
1299	1192
1300	1193
1301	1194
1302	1195
1303	1196
1304	1197
1305	1198
1306	1199
1307	1200
1308	1201
1309	1202
1310	1203
1311	1204
1312	1205
1313	1206
1314	1207
1315	1208
1316	1209
1317	1210
1318	1211
1319	1212
1320	1213
1321	1214
1322	1215
1323	1216
1324	1217
1325	1218
1326	1219
1327	1220
1328	1221
1329	1222
1330	1223
1331	1224
1332	1225
1333	1226
1334	1227
1335	1228
1336	1229
1337	1230
1338	1231
1339	1232
1340	1233
1341	1234
1342	1235
1343	1236
1344	1237
1345	1238
1346	1239
1349	1240
1350	1241
1351	1242
1352	1243
1353	1244
1354	1245
1355	1246
1356	1247
1357	1248
1358	1249
1359	1250
1360	1251
1361	1252
1362	1253
1365	1254
1366	1255
1367	1256
1368	1257
1369	1258
1370	1259
1372	1260
1373	1261
1374	1262
1375	1263
1376	1264
1377	1265
1378	1266
1379	1267
1380	1268
1381	1269
1382	1270
1383	1271
1384	1272
1385	1273
1386	1274
1387	1275
1388	1276
1389	1277
1390	1278
1391	1279
1392	1280
1393	1281
1394	1282
1395	1283
1396	1284
1397	1285
1398	1286
1399	1287
1400	1288
1401	1289
1402	1290
1403	1291
1404	1292
1405	1293
1406	1294
1407	1295
1408	1296
1409	1297
1410	1298
1411	1299
1412	1300
1413	1301
1416	1302
1418	1303
1419	1304
1420	1305
1421	1306
1422	1307
1423	1308
1424	1309
1425	1310
1426	1311
1427	1312
1428	1313
1429	1314
1430	1315
1431	1316
1432	1317
1433	1318
1434	1319
1435	1320
1436	1321
1437	1322
1438	1323
1439	1324
1440	1325
1441	1326
1442	1327
1443	1328
1444	1329
1445	1330
1446	1331
1447	1332
1448	1333
1449	1334
1450	1335
1451	1336
1452	1337
1453	1338
1454	1339
1455	1340
1456	1341
1457	1342
1458	1343
1459	1344
1460	1345
1461	1346
1462	1347
1463	1348
1464	1349
1465	1350
1466	1351
1467	1352
1468	1353
1469	1354
1470	1355
1471	1356
1472	1357
1473	1358
1474	1359
1476	1360
1478	1361
1480	1362
1481	1363
1482	1364
1483	1365
1484	1366
1485	1367
1486	1368
1487	1369
1488	1370
1489	1371
1490	1372
1492	1373
1493	1374
1494	1375
1495	1376
1496	1377
1497	1378
1498	1379
1499	1380
1500	1381
1501	1382
1502	1383
1503	1384
1504	1385
1505	1386
1506	1387
1507	1388
1509	1389
1510	1390
1511	1391
1512	1392
1513	1393
1514	1394
1515	1395
1516	1396
1517	1397
1518	1398
1519	1399
1520	1400
1521	1401
1522	1402
1523	1403
1524	1404
1525	1405
1526	1406
1527	1407
1528	1408
1529	1409
1530	1410
1531	1411
1532	1412
1533	1413
1534	1414
1535	1415
1536	1416
1537	1417
1538	1418
1539	1419
1540	1420
1541	1421
1542	1422
1543	1423
1545	1424
1546	1425
1547	1426
1548	1427
1549	1428
1550	1429
1551	1430
1552	1431
1553	1432
1554	1433
1555	1434
1556	1435
1557	1436
1558	1437
1559	1438
1560	1439
1561	1440
1563	1441
1564	1442
1565	1443
1566	1444
1568	1445
1569	1446
1570	1447
1571	1448
1572	1449
1573	1450
1574	1451
1575	1452
1576	1453
1578	1454
1579	1455
1580	1456
1581	1457
1582	1458
1583	1459
1584	1460
1585	1461
1587	1462
1588	1463
1589	1464
1590	1465
1591	1466
1592	1467
1593	1468
1594	1469
1595	1470
1596	1471
1597	1472
1599	1473
1600	1474
1601	1475
1602	1476
1603	1477
1604	1478
1605	1479
1606	1480
1607	1481
1608	1482
1609	1483
1610	1484
1611	1485
1612	1486
1613	1487
1614	1488
1615	1489
1616	1490
1617	1491
1618	1492
1619	1493
1620	1494
1621	1495
1622	1496
1623	1497
1625	1498
1626	1499
1627	1500
1628	1501
1629	1502
1630	1503
1631	1504
1632	1505
1633	1506
1634	1507
1635	1508
1636	1509
1637	1510
1638	1511
1639	1512
1641	1513
1642	1514
1643	1515
1644	1516
1645	1517
1646	1518
1647	1519
1648	1520
1649	1521
1650	1522
1651	1523
1652	1524
1653	1525
1654	1526
1655	1527
1656	1528
1657	1529
1658	1530
1659	1531
1660	1532
1661	1533
1662	1534
1663	1535
1664	1536
1665	1537
1666	1538
1667	1539
1668	1540
1669	1541
1670	1542
1671	1543
1672	1544
1674	1545
1675	1546
1676	1547
1677	1548
1678	1549
1679	1550
1680	1551
1681	1552
1682	1553
1683	1554
1684	1555
1685	1556
1686	1557
1687	1558
1688	1559
1689	1560
1690	1561
1691	1562
1692	1563
1693	1564
1694	1565
1695	1566
1696	1567
1697	1568
1698	1569
1699	1570
1700	1571
1701	1572
1703	1573
1704	1574
1705	1575
1706	1576
1707	1577
1708	1578
1709	1579
1710	1580
1711	1581
1712	1582
1713	1583
1714	1584
1715	1585
1716	1586
1717	1587
1718	1588
1719	1589
1720	1590
1721	1591
1722	1592
1723	1593
1724	1594
1725	1595
1726	1596
1728	1597
1729	1598
1730	1599
1731	1600
1732	1601
1733	1602
1734	1603
1735	1604
1736	1605
1737	1606
1738	1607
1739	1608
1740	1609
1741	1610
1742	1611
1743	1612
1744	1613
1745	1614
1746	1615
1747	1616
1748	1617
1749	1618
1751	1619
1752	1620
1753	1621
1754	1622
1755	1623
1756	1624
1757	1625
1758	1626
1759	1627
1760	1628
1761	1629
1762	1630
1763	1631
1764	1632
1765	1633
1766	1634
1767	1635
1768	1636
1769	1637
1770	1638
1771	1639
1772	1640
1773	1641
1774	1642
1775	1643
1777	1644
1778	1645
1780	1646
1781	1647
1782	1648
1783	1649
1784	1650
1785	1651
1787	1652
1788	1653
1789	1654
1790	1655
1791	1656
1792	1657
1793	1658
1794	1659
1795	1660
1796	1661
1797	1662
1798	1663
1799	1664
1800	1665
1802	1666
1803	1667
1804	1668
1805	1669
1806	1670
1807	1671
1808	1672
1809	1673
1810	1674
1811	1675
1812	1676
1813	1677
1814	1678
1816	1679
1819	1680
1820	1681
1821	1682
1822	1683
1823	1684
1825	1685
1826	1686
1827	1687
1828	1688
1829	1689
1830	1690
1831	1691
1832	1692
1833	1693
1834	1694
1835	1695
1836	1696
1837	1697
1838	1698
1839	1699
1840	1700
1841	1701
1842	1702
1844	1703
1845	1704
1846	1705
1847	1706
1848	1707
1849	1708
1852	1709
1853	1710
1855	1711
1856	1712
1857	1713
1858	1714
1859	1715
1860	1716
1861	1717
1862	1718
1863	1719
1864	1720
1865	1721
1866	1722
1867	1723
1868	1724
1869	1725
1870	1726
1871	1727
1872	1728
1873	1729
1874	1730
1875	1731
1876	1732
1879	1733
1880	1734
1881	1735
1882	1736
1883	1737
1884	1738
1885	1739
1886	1740
1887	1741
1888	1742
1889	1743
1890	1744
1891	1745
1892	1746
1893	1747
1894	1748
1895	1749
1896	1750
1897	1751
1899	1752
1900	1753
1901	1754
1902	1755
1903	1756
1905	1757
1906	1758
1907	1759
1908	1760
1909	1761
1911	1762
1912	1763
1913	1764
1914	1765
1915	1766
1916	1767
1917	1768
1918	1769
1919	1770
1920	1771
1921	1772
1922	1773
1923	1774
1924	1775
1925	1776
1926	1777
1927	1778
1928	1779
1929	1780
1930	1781
1931	1782
1932	1783
1933	1784
1934	1785
1935	1786
1937	1787
1938	1788
1939	1789
1940	1790
1941	1791
1943	1792
1944	1793
1945	1794
1946	1795
1947	1796
1948	1797
1950	1798
1951	1799
1952	1800
1953	1801
1955	1802
1956	1803
1958	1804
1959	1805
1960	1806
1961	1807
1962	1808
1963	1809
1964	1810
1965	1811
1966	1812
1967	1813
1968	1814
1969	1815
1970	1816
1971	1817
1972	1818
1973	1819
1975	1820
1976	1821
1977	1822
1978	1823
1979	1824
1980	1825
1981	1826
1982	1827
1983	1828
1984	1829
1985	1830
1986	1831
1987	1832
1988	1833
1989	1834
1990	1835
1991	1836
1992	1837
1993	1838
1994	1839
1995	1840
1996	1841
1997	1842
2000	1843
2001	1844
2002	1845
2003	1846
2004	1847
2005	1848
2007	1849
2008	1850
2009	1851
2010	1852
2011	1853
2012	1854
2013	1855
2014	1856
2015	1857
2016	1858
2017	1859
2018	1860
2019	1861
2020	1862
2021	1863
2023	1864
2024	1865
2025	1866
2026	1867
2027	1868
2028	1869
2029	1870
2030	1871
2031	1872
2032	1873
2033	1874
2034	1875
2035	1876
2036	1877
2037	1878
2038	1879
2040	1880
2041	1881
2042	1882
2044	1883
2045	1884
2047	1885
2049	1886
2050	1887
2051	1888
2052	1889
2053	1890
2054	1891
2055	1892
2056	1893
2057	1894
2058	1895
2059	1896
2060	1897
2061	1898
2062	1899
2063	1900
2064	1901
2065	1902
2066	1903
2067	1904
2068	1905
2069	1906
2070	1907
2071	1908
2072	1909
2073	1910
2076	1911
2077	1912
2079	1913
2081	1914
2082	1915
2083	1916
2084	1917
2085	1918
2086	1919
2087	1920
2088	1921
2089	1922
2090	1923
2091	1924
2092	1925
2093	1926
2094	1927
2095	1928
2096	1929
2097	1930
2099	1931
2100	1932
2101	1933
2102	1934
2103	1935
2104	1936
2105	1937
2106	1938
2108	1939
2109	1940
2110	1941
2111	1942
2112	1943
2113	1944
2114	1945
2115	1946
2116	1947
2117	1948
2118	1949
2119	1950
2120	1951
2121	1952
2125	1953
2126	1954
2127	1955
2128	1956
2129	1957
2130	1958
2131	1959
2132	1960
2133	1961
2134	1962
2135	1963
2136	1964
2137	1965
2138	1966
2139	1967
2141	1968
2142	1969
2143	1970
2144	1971
2145	1972
2146	1973
2147	1974
2148	1975
2149	1976
2150	1977
2151	1978
2152	1979
2153	1980
2155	1981
2156	1982
2157	1983
2159	1984
2160	1985
2161	1986
2163	1987
2164	1988
2165	1989
2167	1990
2168	1991
2169	1992
2170	1993
2171	1994
2172	1995
2173	1996
2174	1997
2175	1998
2176	1999
2177	2000
2178	2001
2179	2002
2180	2003
2181	2004
2182	2005
2183	2006
2184	2007
2185	2008
2186	2009
2187	2010
2188	2011
2189	2012
2190	2013
2191	2014
2192	2015
2193	2016
2194	2017
2195	2018
2196	2019
2197	2020
2198	2021
2199	2022
2200	2023
2201	2024
2202	2025
2203	2026
2204	2027
2205	2028
2206	2029
2209	2030
2210	2031
2211	2032
2212	2033
2213	2034
2214	2035
2215	2036
2216	2037
2217	2038
2218	2039
2219	2040
2221	2041
2222	2042
2223	2043
2224	2044
2225	2045
2226	2046
2227	2047
2228	2048
2229	2049
2230	2050
2231	2051
2232	2052
2233	2053
2234	2054
2235	2055
2236	2056
2237	2057
2238	2058
2239	2059
2240	2060
2241	2061
2242	2062
2243	2063
2244	2064
2246	2065
2247	2066
2249	2067
2250	2068
2251	2069
2252	2070
2253	2071
2254	2072
2255	2073
2256	2074
2257	2075
2258	2076
2259	2077
2260	2078
2261	2079
2262	2080
2264	2081
2265	2082
2266	2083
2267	2084
2268	2085
2269	2086
2270	2087
2272	2088
2273	2089
2274	2090
2276	2091
2277	2092
2278	2093
2280	2094
2281	2095
2282	2096
2283	2097
2285	2098
2286	2099
2287	2100
2288	2101
2289	2102
2290	2103
2291	2104
2292	2105
2293	2106
2294	2107
2295	2108
2296	2109
2297	2110
2298	2111
2299	2112
2300	2113
2301	2114
2302	2115
2304	2116
2305	2117
2306	2118
2307	2119
2308	2120
2309	2121
2310	2122
2311	2123
2312	2124
2313	2125
2314	2126
2315	2127
2316	2128
2317	2129
2318	2130
2319	2131
2320	2132
2321	2133
2322	2134
2323	2135
2324	2136
2325	2137
2326	2138
2328	2139
2329	2140
2330	2141
2331	2142
2332	2143
2333	2144
2334	2145
2335	2146
2336	2147
2337	2148
2338	2149
2339	2150
2340	2151
2341	2152
2342	2153
2343	2154
2344	2155
2345	2156
2346	2157
2348	2158
2349	2159
2350	2160
2351	2161
2352	2162
2353	2163
2354	2164
2355	2165
2356	2166
2357	2167
2359	2168
2360	2169
2361	2170
2362	2171
2363	2172
2364	2173
2365	2174
2366	2175
2367	2176
2368	2177
2369	2178
2370	2179
2371	2180
2372	2181
2373	2182
2374	2183
2375	2184
2376	2185
2378	2186
2379	2187
2380	2188
2381	2189
2382	2190
2384	2191
2385	2192
2386	2193
2387	2194
2388	2195
2389	2196
2390	2197
2391	2198
2392	2199
2393	2200
2394	2201
2395	2202
2396	2203
2397	2204
2398	2205
2399	2206
2400	2207
2401	2208
2402	2209
2403	2210
2404	2211
2405	2212
2406	2213
2407	2214
2409	2215
2410	2216
2411	2217
2412	2218
2413	2219
2414	2220
2415	2221
2416	2222
2417	2223
2418	2224
2419	2225
2420	2226
2422	2227
2423	2228
2424	2229
2425	2230
2426	2231
2427	2232
2428	2233
2429	2234
2433	2235
2434	2236
2435	2237
2437	2238
2438	2239
2439	2240
2440	2241
2441	2242
2442	2243
2443	2244
2444	2245
2445	2246
2446	2247
2447	2248
2448	2249
2449	2250
2450	2251
2451	2252
2452	2253
2453	2254
2454	2255
2455	2256
2456	2257
2457	2258
2458	2259
2459	2260
2460	2261
2461	2262
2462	2263
2463	2264
2464	2265
2465	2266
2466	2267
2467	2268
2469	2269
2470	2270
2471	2271
2472	2272
2473	2273
2474	2274
2475	2275
2476	2276
2477	2277
2478	2278
2479	2279
2480	2280
2481	2281
2482	2282
2484	2283
2485	2284
2487	2285
2488	2286
2489	2287
2490	2288
2491	2289
2492	2290
2493	2291
2494	2292
2495	2293
2496	2294
2497	2295
2498	2296
2499	2297
2500	2298
2501	2299
2502	2300
2503	2301
2504	2302
2505	2303
2506	2304
2507	2305
2508	2306
2509	2307
2510	2308
2511	2309
2512	2310
2513	2311
2514	2312
2515	2313
2516	2314
2517	2315
2518	2316
2519	2317
2520	2318
2521	2319
2522	2320
2523	2321
2524	2322
2526	2323
2527	2324
2528	2325
2529	2326
2530	2327
2531	2328
2534	2329
2535	2330
2536	2331
2537	2332
2538	2333
2540	2334
2541	2335
2542	2336
2543	2337
2544	2338
2545	2339
2546	2340
2547	2341
2548	2342
2549	2343
2550	2344
2551	2345
2552	2346
2555	2347
2556	2348
2557	2349
2558	2350
2559	2351
2560	2352
2561	2353
2562	2354
2563	2355
2564	2356
2565	2357
2566	2358
2567	2359
2568	2360
2569	2361
2570	2362
2571	2363
2572	2364
2573	2365
2574	2366
2575	2367
2576	2368
2577	2369
2578	2370
2579	2371
2580	2372
2581	2373
2582	2374
2583	2375
2584	2376
2585	2377
2586	2378
2587	2379
2589	2380
2591	2381
2592	2382
2593	2383
2594	2384
2595	2385
2596	2386
2597	2387
2598	2388
2599	2389
2603	2390
2604	2391
2605	2392
2606	2393
2607	2394
2608	2395
2609	2396
2610	2397
2611	2398
2612	2399
2613	2400
2614	2401
2615	2402
2616	2403
2617	2404
2618	2405
2619	2406
2620	2407
2621	2408
2623	2409
2624	2410
2625	2411
2626	2412
2627	2413
2628	2414
2629	2415
2630	2416
2631	2417
2632	2418
2633	2419
2634	2420
2635	2421
2636	2422
2637	2423
2638	2424
2639	2425
2640	2426
2641	2427
2642	2428
2643	2429
2644	2430
2645	2431
2646	2432
2647	2433
2648	2434
2649	2435
2650	2436
2651	2437
2652	2438
2653	2439
2654	2440
2655	2441
2656	2442
2657	2443
2658	2444
2659	2445
2660	2446
2661	2447
2662	2448
2663	2449
2664	2450
2665	2451
2667	2452
2668	2453
2669	2454
2670	2455
2671	2456
2672	2457
2673	2458
2674	2459
2675	2460
2676	2461
2677	2462
2678	2463
2679	2464
2680	2465
2682	2466
2683	2467
2684	2468
2685	2469
2686	2470
2687	2471
2688	2472
2689	2473
2690	2474
2691	2475
2692	2476
2693	2477
2694	2478
2695	2479
2696	2480
2697	2481
2698	2482
2699	2483
2700	2484
2701	2485
2702	2486
2703	2487
2704	2488
2705	2489
2706	2490
2707	2491
2708	2492
2709	2493
2711	2494
2713	2495
2715	2496
2716	2497
2717	2498
2718	2499
2719	2500
2720	2501
2721	2502
2722	2503
2723	2504
2724	2505
2725	2506
2727	2507
2728	2508
2729	2509
2730	2510
2731	2511
2733	2512
2734	2513
2736	2514
2737	2515
2738	2516
2739	2517
2740	2518
2741	2519
2744	2520
2746	2521
2747	2522
2748	2523
2749	2524
2751	2525
2752	2526
2753	2527
2754	2528
2755	2529
2757	2530
2758	2531
2759	2532
2760	2533
2761	2534
2762	2535
2763	2536
2764	2537
2765	2538
2766	2539
2767	2540
2768	2541
2769	2542
2770	2543
2771	2544
2772	2545
2773	2546
2774	2547
2775	2548
2776	2549
2777	2550
2778	2551
2779	2552
2780	2553
2781	2554
2782	2555
2783	2556
2784	2557
2785	2558
2786	2559
2787	2560
2788	2561
2789	2562
2790	2563
2791	2564
2792	2565
2793	2566
2794	2567
2796	2568
2797	2569
2798	2570
2799	2571
2801	2572
2802	2573
2803	2574
2804	2575
2805	2576
2807	2577
2808	2578
2809	2579
2811	2580
2813	2581
2814	2582
2815	2583
2817	2584
2818	2585
2819	2586
2821	2587
2822	2588
2823	2589
2824	2590
2825	2591
2826	2592
2827	2593
2828	2594
2830	2595
2831	2596
2832	2597
2833	2598
2834	2599
2835	2600
2838	2601
2839	2602
2840	2603
2841	2604
2842	2605
2843	2606
2844	2607
2845	2608
2846	2609
2847	2610
2848	2611
2849	2612
2850	2613
2851	2614
2852	2615
2853	2616
2855	2617
2856	2618
2857	2619
2858	2620
2859	2621
2860	2622
2861	2623
2862	2624
2863	2625
2864	2626
2865	2627
2866	2628
2867	2629
2868	2630
2869	2631
2870	2632
2871	2633
2872	2634
2875	2635
2876	2636
2877	2637
2879	2638
2880	2639
2881	2640
2882	2641
2883	2642
2884	2643
2885	2644
2886	2645
2887	2646
2888	2647
2889	2648
2890	2649
2891	2650
2892	2651
2893	2652
2894	2653
2895	2654
2896	2655
2898	2656
2899	2657
2900	2658
2901	2659
2902	2660
2903	2661
2904	2662
2905	2663
2906	2664
2907	2665
2908	2666
2909	2667
2910	2668
2912	2669
2913	2670
2914	2671
2916	2672
2917	2673
2918	2674
2919	2675
2921	2676
2922	2677
2923	2678
2924	2679
2925	2680
2926	2681
2928	2682
2929	2683
2930	2684
2931	2685
2932	2686
2933	2687
2935	2688
2936	2689
2938	2690
2939	2691
2940	2692
2941	2693
2944	2694
2945	2695
2946	2696
2947	2697
2948	2698
2949	2699
2950	2700
2951	2701
2952	2702
2953	2703
2954	2704
2955	2705
2956	2706
2957	2707
2958	2708
2960	2709
2961	2710
2962	2711
2963	2712
2964	2713
2965	2714
2966	2715
2967	2716
2968	2717
2969	2718
2970	2719
2971	2720
2972	2721
2973	2722
2974	2723
2975	2724
2976	2725
2977	2726
2978	2727
2979	2728
2980	2729
2981	2730
2982	2731
2983	2732
2985	2733
2986	2734
2987	2735
2988	2736
2989	2737
2990	2738
2991	2739
2992	2740
2993	2741
2994	2742
2995	2743
2996	2744
2998	2745
2999	2746
3000	2747
3001	2748
3002	2749
3003	2750
3004	2751
3005	2752
3006	2753
3007	2754
3008	2755
3009	2756
3010	2757
3011	2758
3012	2759
3013	2760
3014	2761
3015	2762
3016	2763
3017	2764
3018	2765
3019	2766
3020	2767
3021	2768
3022	2769
3023	2770
3024	2771
3025	2772
3026	2773
3027	2774
3028	2775
3029	2776
3030	2777
3031	2778
3032	2779
3033	2780
3034	2781
3035	2782
3036	2783
3037	2784
3038	2785
3039	2786
3040	2787
3041	2788
3042	2789
3043	2790
3044	2791
3046	2792
3047	2793
3048	2794
3049	2795
3050	2796
3051	2797
3052	2798
3053	2799
3054	2800
3055	2801
3056	2802
3057	2803
3059	2804
3060	2805
3061	2806
3062	2807
3063	2808
3066	2809
3068	2810
3070	2811
3071	2812
3072	2813
3073	2814
3074	2815
3075	2816
3076	2817
3077	2818
3078	2819
3080	2820
3081	2821
3082	2822
3083	2823
3084	2824
3085	2825
3086	2826
3087	2827
3088	2828
3089	2829
3090	2830
3091	2831
3092	2832
3093	2833
3094	2834
3095	2835
3096	2836
3097	2837
3098	2838
3099	2839
3101	2840
3102	2841
3103	2842
3104	2843
3105	2844
3106	2845
3107	2846
3108	2847
3109	2848
3110	2849
3111	2850
3112	2851
3113	2852
3114	2853
3115	2854
3117	2855
3118	2856
3119	2857
3120	2858
3123	2859
3124	2860
3125	2861
3126	2862
3127	2863
3128	2864
3129	2865
3130	2866
3131	2867
3132	2868
3133	2869
3134	2870
3135	2871
3136	2872
3137	2873
3138	2874
3140	2875
3142	2876
3143	2877
3144	2878
3145	2879
3146	2880
3147	2881
3148	2882
3149	2883
3150	2884
3151	2885
3152	2886
3153	2887
3154	2888
3155	2889
3156	2890
3158	2891
3159	2892
3160	2893
3162	2894
3163	2895
3164	2896
3165	2897
3166	2898
3167	2899
3168	2900
3169	2901
3171	2902
3172	2903
3173	2904
3174	2905
3175	2906
3176	2907
3180	2908
3181	2909
3182	2910
3183	2911
3184	2912
3185	2913
3186	2914
3187	2915
3188	2916
3189	2917
3190	2918
3191	2919
3192	2920
3193	2921
3194	2922
3195	2923
3196	2924
3197	2925
3198	2926
3199	2927
3200	2928
3201	2929
3202	2930
3203	2931
3204	2932
3205	2933
3206	2934
3207	2935
3208	2936
3209	2937
3210	2938
3211	2939
3212	2940
3213	2941
3214	2942
3215	2943
3216	2944
3217	2945
3218	2946
3219	2947
3220	2948
3221	2949
3222	2950
3223	2951
3224	2952
3225	2953
3226	2954
3227	2955
3228	2956
3229	2957
3230	2958
3231	2959
3232	2960
3233	2961
3234	2962
3235	2963
3237	2964
3238	2965
3239	2966
3240	2967
3241	2968
3242	2969
3243	2970
3244	2971
3245	2972
3246	2973
3247	2974
3248	2975
3249	2976
3250	2977
3251	2978
3252	2979
3253	2980
3255	2981
3256	2982
3257	2983
3258	2984
3259	2985
3260	2986
3261	2987
3262	2988
3263	2989
3264	2990
3265	2991
3266	2992
3267	2993
3268	2994
3269	2995
3270	2996
3271	2997
3272	2998
3273	2999
3274	3000
3275	3001
3276	3002
3277	3003
3278	3004
3279	3005
3280	3006
3281	3007
3282	3008
3284	3009
3285	3010
3288	3011
3290	3012
3291	3013
3292	3014
3293	3015
3294	3016
3296	3017
3297	3018
3298	3019
3299	3020
3300	3021
3301	3022
3302	3023
3303	3024
3304	3025
3305	3026
3306	3027
3307	3028
3309	3029
3310	3030
3311	3031
3312	3032
3313	3033
3314	3034
3315	3035
3316	3036
3317	3037
3318	3038
3319	3039
3320	3040
3321	3041
3322	3042
3323	3043
3324	3044
3325	3045
3326	3046
3331	3047
3332	3048
3333	3049
3334	3050
3335	3051
3338	3052
3339	3053
3340	3054
3341	3055
3342	3056
3343	3057
3344	3058
3345	3059
3346	3060
3348	3061
3349	3062
3350	3063
3351	3064
3352	3065
3353	3066
3354	3067
3355	3068
3356	3069
3357	3070
3358	3071
3359	3072
3360	3073
3361	3074
3362	3075
3363	3076
3366	3077
3367	3078
3368	3079
3369	3080
3370	3081
3371	3082
3373	3083
3374	3084
3375	3085
3376	3086
3377	3087
3378	3088
3379	3089
3380	3090
3381	3091
3382	3092
3383	3093
3384	3094
3385	3095
3386	3096
3388	3097
3389	3098
3390	3099
3391	3100
3392	3101
3393	3102
3394	3103
3395	3104
3396	3105
3397	3106
3398	3107
3399	3108
3400	3109
3401	3110
3402	3111
3403	3112
3404	3113
3405	3114
3406	3115
3407	3116
3408	3117
3409	3118
3410	3119
3411	3120
3412	3121
3416	3122
3417	3123
3418	3124
3422	3125
3423	3126
3424	3127
3425	3128
3426	3129
3427	3130
3429	3131
3433	3132
3434	3133
3435	3134
3436	3135
3437	3136
3438	3137
3439	3138
3440	3139
3441	3140
3443	3141
3444	3142
3445	3143
3446	3144
3447	3145
3448	3146
3449	3147
3450	3148
3451	3149
3452	3150
3453	3151
3454	3152
3455	3153
3456	3154
3457	3155
3458	3156
3459	3157
3460	3158
3461	3159
3462	3160
3463	3161
3464	3162
3465	3163
3466	3164
3467	3165
3468	3166
3469	3167
3470	3168
3471	3169
3472	3170
3473	3171
3475	3172
3477	3173
3478	3174
3479	3175
3480	3176
3481	3177
3482	3178
3483	3179
3486	3180
3487	3181
3488	3182
3489	3183
3490	3184
3491	3185
3492	3186
3493	3187
3494	3188
3495	3189
3496	3190
3497	3191
3498	3192
3499	3193
3500	3194
3504	3195
3506	3196
3508	3197
3509	3198
3510	3199
3511	3200
3512	3201
3513	3202
3514	3203
3515	3204
3516	3205
3518	3206
3519	3207
3520	3208
3521	3209
3522	3210
3523	3211
3524	3212
3525	3213
3526	3214
3527	3215
3528	3216
3529	3217
3530	3218
3531	3219
3532	3220
3535	3221
3536	3222
3537	3223
3538	3224
3539	3225
3540	3226
3541	3227
3542	3228
3543	3229
3544	3230
3545	3231
3547	3232
3548	3233
3549	3234
3550	3235
3551	3236
3552	3237
3553	3238
3554	3239
3555	3240
3556	3241
3557	3242
3558	3243
3560	3244
3561	3245
3562	3246
3563	3247
3564	3248
3565	3249
3566	3250
3567	3251
3568	3252
3569	3253
3571	3254
3576	3255
3577	3256
3578	3257
3579	3258
3580	3259
3581	3260
3582	3261
3583	3262
3584	3263
3585	3264
3586	3265
3587	3266
3589	3267
3590	3268
3591	3269
3592	3270
3593	3271
3594	3272
3595	3273
3596	3274
3597	3275
3598	3276
3599	3277
3600	3278
3601	3279
3602	3280
3603	3281
3604	3282
3605	3283
3606	3284
3607	3285
3609	3286
3610	3287
3611	3288
3613	3289
3614	3290
3615	3291
3616	3292
3617	3293
3618	3294
3619	3295
3620	3296
3621	3297
3622	3298
3623	3299
3624	3300
3625	3301
3628	3302
3629	3303
3630	3304
3631	3305
3632	3306
3633	3307
3634	3308
3635	3309
3636	3310
3637	3311
3638	3312
3639	3313
3640	3314
3641	3315
3642	3316
3643	3317
3645	3318
3646	3319
3647	3320
3648	3321
3649	3322
3650	3323
3651	3324
3652	3325
3653	3326
3654	3327
3655	3328
3656	3329
3657	3330
3658	3331
3659	3332
3660	3333
3661	3334
3662	3335
3663	3336
3664	3337
3665	3338
3666	3339
3667	3340
3668	3341
3669	3342
3670	3343
3671	3344
3673	3345
3674	3346
3675	3347
3676	3348
3677	3349
3678	3350
3679	3351
3680	3352
3681	3353
3682	3354
3683	3355
3684	3356
3685	3357
3686	3358
3687	3359
3688	3360
3689	3361
3690	3362
3691	3363
3692	3364
3693	3365
3694	3366
3695	3367
3696	3368
3697	3369
3698	3370
3700	3371
3701	3372
3702	3373
3703	3374
3704	3375
3705	3376
3706	3377
3707	3378
3708	3379
3709	3380
3711	3381
3712	3382
3713	3383
3714	3384
3715	3385
3717	3386
3718	3387
3719	3388
3720	3389
3722	3390
3723	3391
3724	3392
3725	3393
3726	3394
3727	3395
3728	3396
3729	3397
3730	3398
3731	3399
3733	3400
3735	3401
3737	3402
3742	3403
3743	3404
3744	3405
3745	3406
3746	3407
3747	3408
3748	3409
3749	3410
3750	3411
3751	3412
3752	3413
3753	3414
3754	3415
3755	3416
3757	3417
3758	3418
3759	3419
3760	3420
3761	3421
3762	3422
3763	3423
3764	3424
3765	3425
3766	3426
3767	3427
3769	3428
3770	3429
3771	3430
3772	3431
3774	3432
3775	3433
3776	3434
3777	3435
3779	3436
3780	3437
3781	3438
3782	3439
3783	3440
3784	3441
3785	3442
3786	3443
3787	3444
3788	3445
3791	3446
3792	3447
3794	3448
3795	3449
3796	3450
3797	3451
3798	3452
3799	3453
3800	3454
3801	3455
3802	3456
3803	3457
3804	3458
3805	3459
3806	3460
3807	3461
3808	3462
3809	3463
3810	3464
3811	3465
3812	3466
3813	3467
3814	3468
3815	3469
3816	3470
3817	3471
3819	3472
3821	3473
3822	3474
3823	3475
3824	3476
3825	3477
3827	3478
3829	3479
3830	3480
3832	3481
3833	3482
3834	3483
3835	3484
3836	3485
3837	3486
3839	3487
3840	3488
3841	3489
3842	3490
3843	3491
3844	3492
3845	3493
3847	3494
3848	3495
3849	3496
3850	3497
3851	3498
3854	3499
3855	3500
3856	3501
3858	3502
3862	3503
3863	3504
3864	3505
3865	3506
3867	3507
3869	3508
3870	3509
3871	3510
3872	3511
3873	3512
3875	3513
3876	3514
3877	3515
3878	3516
3880	3517
3881	3518
3882	3519
3883	3520
3885	3521
3886	3522
3887	3523
3888	3524
3889	3525
3890	3526
3891	3527
3892	3528
3893	3529
3894	3530
3895	3531
3896	3532
3897	3533
3898	3534
3900	3535
3901	3536
3902	3537
3903	3538
3904	3539
3905	3540
3906	3541
3907	3542
3908	3543
3909	3544
3910	3545
3911	3546
3912	3547
3914	3548
3916	3549
3917	3550
3918	3551
3919	3552
3920	3553
3921	3554
3922	3555
3923	3556
3924	3557
3925	3558
3926	3559
3927	3560
3928	3561
3929	3562
3930	3563
3931	3564
3932	3565
3933	3566
3935	3567
3936	3568
3937	3569
3939	3570
3941	3571
3942	3572
3943	3573
3944	3574
3945	3575
3946	3576
3947	3577
3948	3578
3949	3579
3952	3580
3953	3581
3954	3582
3955	3583
3956	3584
3957	3585
3958	3586
3959	3587
3960	3588
3961	3589
3962	3590
3963	3591
3964	3592
3965	3593
3966	3594
3967	3595
3968	3596
3969	3597
3970	3598
3971	3599
3973	3600
3974	3601
3976	3602
3977	3603
3978	3604
3979	3605
3980	3606
3981	3607
3982	3608
3983	3609
3984	3610
3985	3611
3986	3612
3987	3613
3989	3614
3990	3615
3991	3616
3992	3617
3995	3618
3997	3619
3998	3620
3999	3621
4000	3622
4001	3623
4005	3624
4006	3625
4007	3626
4008	3627
4009	3628
4010	3629
4011	3630
4012	3631
4013	3632
4014	3633
4015	3634
4016	3635
4019	3636
4020	3637
4021	3638
4023	3639
4024	3640
4025	3641
4026	3642
4027	3643
4028	3644
4030	3645
4031	3646
4034	3647
4035	3648
4036	3649
4037	3650
4038	3651
4039	3652
4040	3653
4041	3654
4042	3655
4043	3656
4044	3657
4045	3658
4046	3659
4047	3660
4048	3661
4049	3662
4050	3663
4051	3664
4053	3665
4055	3666
4056	3667
4057	3668
4058	3669
4059	3670
4061	3671
4062	3672
4063	3673
4064	3674
4065	3675
4066	3676
4067	3677
4068	3678
4069	3679
4070	3680
4071	3681
4072	3682
4073	3683
4074	3684
4075	3685
4076	3686
4077	3687
4078	3688
4079	3689
4080	3690
4082	3691
4083	3692
4085	3693
4086	3694
4088	3695
4089	3696
4090	3697
4091	3698
4092	3699
4093	3700
4095	3701
4096	3702
4097	3703
4098	3704
4099	3705
4100	3706
4103	3707
4104	3708
4105	3709
4106	3710
4107	3711
4108	3712
4109	3713
4110	3714
4111	3715
4116	3716
4117	3717
4119	3718
4120	3719
4121	3720
4122	3721
4123	3722
4124	3723
4125	3724
4126	3725
4127	3726
4128	3727
4129	3728
4130	3729
4131	3730
4132	3731
4133	3732
4134	3733
4135	3734
4136	3735
4137	3736
4138	3737
4139	3738
4140	3739
4141	3740
4142	3741
4143	3742
4144	3743
4145	3744
4146	3745
4147	3746
4148	3747
4149	3748
4150	3749
4151	3750
4152	3751
4153	3752
4154	3753
4155	3754
4159	3755
4162	3756
4163	3757
4164	3758
4165	3759
4166	3760
4167	3761
4168	3762
4169	3763
4170	3764
4171	3765
4173	3766
4174	3767
4175	3768
4176	3769
4177	3770
4178	3771
4179	3772
4180	3773
4181	3774
4183	3775
4184	3776
4185	3777
4186	3778
4187	3779
4188	3780
4189	3781
4190	3782
4191	3783
4192	3784
4194	3785
4195	3786
4197	3787
4198	3788
4199	3789
4200	3790
4201	3791
4202	3792
4203	3793
4204	3794
4205	3795
4206	3796
4207	3797
4208	3798
4209	3799
4210	3800
4211	3801
4212	3802
4213	3803
4214	3804
4215	3805
4216	3806
4217	3807
4218	3808
4219	3809
4220	3810
4221	3811
4222	3812
4223	3813
4224	3814
4225	3815
4228	3816
4229	3817
4231	3818
4232	3819
4233	3820
4234	3821
4235	3822
4236	3823
4237	3824
4238	3825
4240	3826
4241	3827
4242	3828
4243	3829
4244	3830
4245	3831
4246	3832
4247	3833
4248	3834
4249	3835
4250	3836
4251	3837
4252	3838
4254	3839
4255	3840
4256	3841
4257	3842
4259	3843
4260	3844
4261	3845
4263	3846
4264	3847
4265	3848
4266	3849
4267	3850
4269	3851
4272	3852
4273	3853
4274	3854
4275	3855
4276	3856
4277	3857
4278	3858
4279	3859
4280	3860
4282	3861
4283	3862
4284	3863
4285	3864
4289	3865
4290	3866
4291	3867
4292	3868
4295	3869
4296	3870
4297	3871
4298	3872
4299	3873
4303	3874
4304	3875
4305	3876
4306	3877
4307	3878
4308	3879
4310	3880
4311	3881
4312	3882
4313	3883
4314	3884
4315	3885
4316	3886
4317	3887
4318	3888
4319	3889
4320	3890
4321	3891
4322	3892
4323	3893
4324	3894
4325	3895
4326	3896
4327	3897
4328	3898
4329	3899
4331	3900
4332	3901
4333	3902
4334	3903
4335	3904
4336	3905
4337	3906
4338	3907
4340	3908
4341	3909
4342	3910
4343	3911
4344	3912
4345	3913
4346	3914
4347	3915
4348	3916
4349	3917
4351	3918
4352	3919
4353	3920
4354	3921
4355	3922
4357	3923
4358	3924
4359	3925
4360	3926
4361	3927
4362	3928
4363	3929
4364	3930
4365	3931
4366	3932
4368	3933
4369	3934
4370	3935
4371	3936
4372	3937
4373	3938
4375	3939
4377	3940
4378	3941
4379	3942
4380	3943
4381	3944
4382	3945
4383	3946
4384	3947
4385	3948
4386	3949
4389	3950
4393	3951
4394	3952
4395	3953
4396	3954
4397	3955
4398	3956
4399	3957
4400	3958
4401	3959
4402	3960
4403	3961
4404	3962
4405	3963
4406	3964
4407	3965
4408	3966
4409	3967
4411	3968
4412	3969
4413	3970
4414	3971
4415	3972
4416	3973
4417	3974
4418	3975
4422	3976
4423	3977
4424	3978
4425	3979
4426	3980
4427	3981
4428	3982
4429	3983
4430	3984
4431	3985
4432	3986
4433	3987
4434	3988
4435	3989
4436	3990
4437	3991
4438	3992
4439	3993
4440	3994
4441	3995
4442	3996
4443	3997
4444	3998
4445	3999
4446	4000
4447	4001
4448	4002
4449	4003
4450	4004
4451	4005
4452	4006
4453	4007
4454	4008
4455	4009
4456	4010
4457	4011
4458	4012
4459	4013
4460	4014
4461	4015
4462	4016
4463	4017
4464	4018
4465	4019
4466	4020
4467	4021
4468	4022
4469	4023
4470	4024
4471	4025
4473	4026
4474	4027
4475	4028
4476	4029
4477	4030
4478	4031
4479	4032
4480	4033
4481	4034
4482	4035
4483	4036
4485	4037
4486	4038
4487	4039
4488	4040
4489	4041
4490	4042
4491	4043
4492	4044
4493	4045
4494	4046
4495	4047
4496	4048
4497	4049
4498	4050
4500	4051
4502	4052
4503	4053
4504	4054
4507	4055
4508	4056
4509	4057
4510	4058
4511	4059
4516	4060
4521	4061
4523	4062
4524	4063
4526	4064
4527	4065
4528	4066
4529	4067
4530	4068
4531	4069
4532	4070
4533	4071
4534	4072
4535	4073
4536	4074
4538	4075
4539	4076
4540	4077
4541	4078
4542	4079
4543	4080
4544	4081
4545	4082
4547	4083
4550	4084
4551	4085
4552	4086
4553	4087
4554	4088
4555	4089
4556	4090
4557	4091
4558	4092
4560	4093
4561	4094
4562	4095
4563	4096
4564	4097
4565	4098
4566	4099
4567	4100
4568	4101
4569	4102
4574	4103
4575	4104
4576	4105
4577	4106
4578	4107
4580	4108
4581	4109
4582	4110
4583	4111
4584	4112
4586	4113
4587	4114
4588	4115
4591	4116
4592	4117
4593	4118
4594	4119
4595	4120
4596	4121
4597	4122
4598	4123
4599	4124
4600	4125
4601	4126
4602	4127
4603	4128
4604	4129
4605	4130
4607	4131
4608	4132
4609	4133
4611	4134
4612	4135
4613	4136
4615	4137
4616	4138
4617	4139
4618	4140
4619	4141
4620	4142
4621	4143
4622	4144
4623	4145
4624	4146
4625	4147
4626	4148
4627	4149
4629	4150
4630	4151
4631	4152
4632	4153
4633	4154
4635	4155
4636	4156
4638	4157
4639	4158
4640	4159
4641	4160
4644	4161
4645	4162
4646	4163
4647	4164
4648	4165
4649	4166
4650	4167
4651	4168
4652	4169
4653	4170
4654	4171
4655	4172
4658	4173
4659	4174
4660	4175
4661	4176
4662	4177
4663	4178
4664	4179
4665	4180
4666	4181
4667	4182
4668	4183
4669	4184
4670	4185
4671	4186
4672	4187
4673	4188
4674	4189
4675	4190
4677	4191
4678	4192
4681	4193
4682	4194
4683	4195
4684	4196
4686	4197
4687	4198
4688	4199
4689	4200
4692	4201
4693	4202
4694	4203
4695	4204
4696	4205
4697	4206
4698	4207
4699	4208
4700	4209
4701	4210
4702	4211
4703	4212
4704	4213
4705	4214
4706	4215
4707	4216
4708	4217
4709	4218
4710	4219
4711	4220
4712	4221
4713	4222
4714	4223
4715	4224
4716	4225
4717	4226
4718	4227
4719	4228
4720	4229
4721	4230
4723	4231
4725	4232
4726	4233
4727	4234
4728	4235
4733	4236
4735	4237
4736	4238
4737	4239
4738	4240
4739	4241
4740	4242
4741	4243
4742	4244
4743	4245
4744	4246
4745	4247
4746	4248
4748	4249
4749	4250
4750	4251
4751	4252
4752	4253
4753	4254
4754	4255
4755	4256
4756	4257
4757	4258
4759	4259
4760	4260
4761	4261
4762	4262
4763	4263
4764	4264
4765	4265
4766	4266
4767	4267
4771	4268
4773	4269
4774	4270
4776	4271
4777	4272
4778	4273
4779	4274
4780	4275
4781	4276
4782	4277
4783	4278
4785	4279
4786	4280
4787	4281
4788	4282
4789	4283
4790	4284
4791	4285
4792	4286
4793	4287
4794	4288
4795	4289
4796	4290
4797	4291
4798	4292
4799	4293
4800	4294
4801	4295
4803	4296
4804	4297
4805	4298
4806	4299
4807	4300
4808	4301
4809	4302
4810	4303
4811	4304
4813	4305
4814	4306
4815	4307
4816	4308
4817	4309
4818	4310
4819	4311
4820	4312
4821	4313
4822	4314
4823	4315
4824	4316
4825	4317
4826	4318
4827	4319
4828	4320
4829	4321
4830	4322
4831	4323
4832	4324
4833	4325
4834	4326
4835	4327
4836	4328
4837	4329
4838	4330
4839	4331
4840	4332
4841	4333
4842	4334
4843	4335
4844	4336
4845	4337
4846	4338
4847	4339
4848	4340
4849	4341
4850	4342
4851	4343
4852	4344
4853	4345
4854	4346
4855	4347
4856	4348
4857	4349
4858	4350
4859	4351
4860	4352
4861	4353
4862	4354
4863	4355
4864	4356
4866	4357
4867	4358
4868	4359
4869	4360
4870	4361
4871	4362
4872	4363
4873	4364
4874	4365
4875	4366
4876	4367
4879	4368
4880	4369
4881	4370
4882	4371
4883	4372
4884	4373
4885	4374
4886	4375
4887	4376
4889	4377
4890	4378
4891	4379
4893	4380
4894	4381
4896	4382
4897	4383
4898	4384
4899	4385
4900	4386
4901	4387
4903	4388
4904	4389
4905	4390
4906	4391
4908	4392
4909	4393
4910	4394
4911	4395
4912	4396
4913	4397
4914	4398
4915	4399
4916	4400
4917	4401
4918	4402
4919	4403
4920	4404
4921	4405
4922	4406
4923	4407
4924	4408
4925	4409
4926	4410
4927	4411
4929	4412
4931	4413
4932	4414
4933	4415
4934	4416
4935	4417
4936	4418
4937	4419
4938	4420
4940	4421
4942	4422
4943	4423
4944	4424
4945	4425
4946	4426
4947	4427
4948	4428
4950	4429
4951	4430
4952	4431
4953	4432
4954	4433
4957	4434
4960	4435
4962	4436
4963	4437
4964	4438
4965	4439
4966	4440
4967	4441
4969	4442
4970	4443
4971	4444
4972	4445
4973	4446
4974	4447
4975	4448
4976	4449
4977	4450
4978	4451
4979	4452
4980	4453
4981	4454
4982	4455
4983	4456
4985	4457
4986	4458
4987	4459
4988	4460
4989	4461
4991	4462
4992	4463
4993	4464
4994	4465
4995	4466
4996	4467
4999	4468
5000	4469
5001	4470
5002	4471
5003	4472
5005	4473
5006	4474
5008	4475
5009	4476
5010	4477
5011	4478
5012	4479
5013	4480
5015	4481
5016	4482
5017	4483
5018	4484
5019	4485
5020	4486
5022	4487
5024	4488
5026	4489
5028	4490
5029	4491
5031	4492
5032	4493
5033	4494
5035	4495
5036	4496
5037	4497
5038	4498
5039	4499
5040	4500
5043	4501
5044	4502
5045	4503
5046	4504
5047	4505
5048	4506
5050	4507
5051	4508
5052	4509
5053	4510
5054	4511
5055	4512
5057	4513
5058	4514
5059	4515
5060	4516
5061	4517
5062	4518
5063	4519
5064	4520
5065	4521
5067	4522
5068	4523
5069	4524
5070	4525
5071	4526
5072	4527
5073	4528
5075	4529
5077	4530
5078	4531
5079	4532
5080	4533
5081	4534
5083	4535
5084	4536
5085	4537
5086	4538
5087	4539
5088	4540
5089	4541
5090	4542
5091	4543
5092	4544
5093	4545
5095	4546
5096	4547
5097	4548
5098	4549
5099	4550
5100	4551
5102	4552
5103	4553
5104	4554
5105	4555
5106	4556
5109	4557
5110	4558
5111	4559
5112	4560
5114	4561
5115	4562
5116	4563
5117	4564
5118	4565
5119	4566
5120	4567
5121	4568
5122	4569
5123	4570
5124	4571
5125	4572
5126	4573
5127	4574
5128	4575
5129	4576
5130	4577
5132	4578
5133	4579
5135	4580
5136	4581
5138	4582
5139	4583
5140	4584
5141	4585
5142	4586
5143	4587
5144	4588
5145	4589
5146	4590
5148	4591
5150	4592
5151	4593
5152	4594
5153	4595
5154	4596
5155	4597
5158	4598
5159	4599
5160	4600
5161	4601
5162	4602
5163	4603
5164	4604
5166	4605
5167	4606
5171	4607
5172	4608
5173	4609
5174	4610
5175	4611
5176	4612
5177	4613
5178	4614
5179	4615
5180	4616
5181	4617
5182	4618
5183	4619
5184	4620
5185	4621
5186	4622
5187	4623
5188	4624
5189	4625
5190	4626
5191	4627
5192	4628
5193	4629
5194	4630
5195	4631
5196	4632
5197	4633
5198	4634
5199	4635
5200	4636
5201	4637
5202	4638
5203	4639
5204	4640
5207	4641
5208	4642
5209	4643
5210	4644
5213	4645
5214	4646
5215	4647
5216	4648
5217	4649
5218	4650
5219	4651
5220	4652
5221	4653
5222	4654
5224	4655
5225	4656
5226	4657
5227	4658
5228	4659
5229	4660
5230	4661
5231	4662
5232	4663
5233	4664
5238	4665
5239	4666
5240	4667
5241	4668
5242	4669
5243	4670
5244	4671
5245	4672
5246	4673
5247	4674
5248	4675
5249	4676
5250	4677
5251	4678
5252	4679
5253	4680
5254	4681
5255	4682
5260	4683
5261	4684
5262	4685
5263	4686
5264	4687
5265	4688
5267	4689
5269	4690
5271	4691
5273	4692
5274	4693
5275	4694
5276	4695
5277	4696
5278	4697
5280	4698
5281	4699
5282	4700
5283	4701
5284	4702
5285	4703
5286	4704
5287	4705
5288	4706
5289	4707
5290	4708
5291	4709
5294	4710
5295	4711
5296	4712
5298	4713
5299	4714
5300	4715
5301	4716
5303	4717
5305	4718
5306	4719
5308	4720
5309	4721
5310	4722
5311	4723
5312	4724
5313	4725
5314	4726
5315	4727
5316	4728
5317	4729
5320	4730
5321	4731
5322	4732
5323	4733
5324	4734
5326	4735
5327	4736
5328	4737
5329	4738
5330	4739
5332	4740
5333	4741
5334	4742
5335	4743
5336	4744
5337	4745
5339	4746
5341	4747
5342	4748
5343	4749
5344	4750
5345	4751
5346	4752
5347	4753
5348	4754
5350	4755
5351	4756
5352	4757
5353	4758
5354	4759
5355	4760
5356	4761
5357	4762
5358	4763
5360	4764
5361	4765
5362	4766
5363	4767
5364	4768
5365	4769
5366	4770
5367	4771
5368	4772
5370	4773
5371	4774
5372	4775
5373	4776
5374	4777
5375	4778
5376	4779
5377	4780
5378	4781
5380	4782
5381	4783
5382	4784
5384	4785
5385	4786
5386	4787
5387	4788
5388	4789
5390	4790
5391	4791
5392	4792
5393	4793
5395	4794
5396	4795
5397	4796
5398	4797
5399	4798
5400	4799
5401	4800
5404	4801
5405	4802
5406	4803
5410	4804
5412	4805
5413	4806
5414	4807
5415	4808
5416	4809
5417	4810
5418	4811
5419	4812
5421	4813
5422	4814
5423	4815
5424	4816
5426	4817
5427	4818
5428	4819
5429	4820
5430	4821
5431	4822
5432	4823
5434	4824
5435	4825
5436	4826
5437	4827
5438	4828
5439	4829
5440	4830
5442	4831
5445	4832
5446	4833
5447	4834
5448	4835
5449	4836
5452	4837
5454	4838
5455	4839
5456	4840
5457	4841
5459	4842
5460	4843
5461	4844
5462	4845
5463	4846
5465	4847
5466	4848
5467	4849
5468	4850
5469	4851
5470	4852
5471	4853
5472	4854
5473	4855
5474	4856
5475	4857
5476	4858
5477	4859
5478	4860
5479	4861
5480	4862
5481	4863
5482	4864
5483	4865
5484	4866
5485	4867
5486	4868
5487	4869
5488	4870
5489	4871
5490	4872
5491	4873
5494	4874
5495	4875
5496	4876
5497	4877
5499	4878
5500	4879
5501	4880
5503	4881
5504	4882
5505	4883
5506	4884
5507	4885
5508	4886
5509	4887
5510	4888
5511	4889
5512	4890
5513	4891
5514	4892
5515	4893
5516	4894
5517	4895
5518	4896
5519	4897
5520	4898
5521	4899
5522	4900
5523	4901
5524	4902
5525	4903
5526	4904
5527	4905
5528	4906
5529	4907
5530	4908
5531	4909
5532	4910
5533	4911
5534	4912
5535	4913
5536	4914
5537	4915
5539	4916
5540	4917
5541	4918
5542	4919
5543	4920
5544	4921
5545	4922
5548	4923
5549	4924
5550	4925
5551	4926
5552	4927
5553	4928
5554	4929
5555	4930
5558	4931
5559	4932
5561	4933
5562	4934
5563	4935
5564	4936
5565	4937
5566	4938
5567	4939
5568	4940
5569	4941
5570	4942
5571	4943
5572	4944
5573	4945
5576	4946
5577	4947
5578	4948
5579	4949
5580	4950
5581	4951
5582	4952
5583	4953
5584	4954
5587	4955
5588	4956
5589	4957
5590	4958
5591	4959
5592	4960
5594	4961
5595	4962
5596	4963
5598	4964
5599	4965
5600	4966
5601	4967
5602	4968
5603	4969
5604	4970
5605	4971
5606	4972
5607	4973
5608	4974
5609	4975
5610	4976
5611	4977
5612	4978
5613	4979
5614	4980
5615	4981
5616	4982
5617	4983
5620	4984
5622	4985
5623	4986
5624	4987
5625	4988
5626	4989
5627	4990
5628	4991
5629	4992
5630	4993
5631	4994
5633	4995
5635	4996
5636	4997
5637	4998
5638	4999
5639	5000
5640	5001
5643	5002
5644	5003
5645	5004
5646	5005
5647	5006
5648	5007
5649	5008
5650	5009
5651	5010
5652	5011
5653	5012
5655	5013
5656	5014
5657	5015
5658	5016
5659	5017
5660	5018
5661	5019
5662	5020
5663	5021
5664	5022
5665	5023
5666	5024
5667	5025
5668	5026
5669	5027
5670	5028
5671	5029
5673	5030
5674	5031
5675	5032
5676	5033
5678	5034
5679	5035
5680	5036
5682	5037
5683	5038
5684	5039
5685	5040
5686	5041
5687	5042
5688	5043
5689	5044
5690	5045
5691	5046
5692	5047
5693	5048
5694	5049
5695	5050
5696	5051
5697	5052
5698	5053
5702	5054
5703	5055
5704	5056
5705	5057
5706	5058
5707	5059
5708	5060
5709	5061
5710	5062
5711	5063
5712	5064
5713	5065
5714	5066
5717	5067
5718	5068
5720	5069
5721	5070
5722	5071
5726	5072
5729	5073
5730	5074
5731	5075
5732	5076
5733	5077
5735	5078
5737	5079
5738	5080
5739	5081
5740	5082
5741	5083
5743	5084
5744	5085
5745	5086
5746	5087
5747	5088
5748	5089
5749	5090
5750	5091
5751	5092
5752	5093
5753	5094
5754	5095
5755	5096
5756	5097
5757	5098
5760	5099
5761	5100
5763	5101
5764	5102
5765	5103
5766	5104
5767	5105
5768	5106
5769	5107
5770	5108
5771	5109
5772	5110
5773	5111
5774	5112
5775	5113
5776	5114
5778	5115
5780	5116
5781	5117
5782	5118
5783	5119
5784	5120
5785	5121
5786	5122
5787	5123
5788	5124
5789	5125
5790	5126
5792	5127
5793	5128
5794	5129
5796	5130
5797	5131
5798	5132
5799	5133
5800	5134
5801	5135
5802	5136
5803	5137
5804	5138
5805	5139
5806	5140
5807	5141
5808	5142
5809	5143
5810	5144
5811	5145
5812	5146
5813	5147
5814	5148
5815	5149
5816	5150
5817	5151
5818	5152
5819	5153
5820	5154
5821	5155
5822	5156
5823	5157
5824	5158
5827	5159
5828	5160
5829	5161
5830	5162
5832	5163
5833	5164
5834	5165
5835	5166
5836	5167
5837	5168
5838	5169
5839	5170
5840	5171
5841	5172
5842	5173
5844	5174
5846	5175
5848	5176
5850	5177
5852	5178
5853	5179
5854	5180
5855	5181
5856	5182
5857	5183
5859	5184
5860	5185
5861	5186
5862	5187
5863	5188
5864	5189
5866	5190
5868	5191
5871	5192
5872	5193
5873	5194
5874	5195
5875	5196
5876	5197
5877	5198
5878	5199
5880	5200
5882	5201
5883	5202
5884	5203
5885	5204
5886	5205
5887	5206
5888	5207
5889	5208
5890	5209
5891	5210
5892	5211
5895	5212
5896	5213
5897	5214
5899	5215
5902	5216
5903	5217
5907	5218
5908	5219
5909	5220
5910	5221
5911	5222
5913	5223
5914	5224
5915	5225
5916	5226
5917	5227
5919	5228
5920	5229
5921	5230
5922	5231
5923	5232
5924	5233
5925	5234
5926	5235
5927	5236
5928	5237
5930	5238
5931	5239
5932	5240
5933	5241
5934	5242
5935	5243
5936	5244
5937	5245
5938	5246
5939	5247
5940	5248
5941	5249
5942	5250
5943	5251
5944	5252
5945	5253
5946	5254
5947	5255
5949	5256
5950	5257
5952	5258
5955	5259
5956	5260
5958	5261
5959	5262
5960	5263
5961	5264
5962	5265
5963	5266
5964	5267
5965	5268
5966	5269
5967	5270
5969	5271
5970	5272
5971	5273
5972	5274
5973	5275
5977	5276
5978	5277
5980	5278
5981	5279
5982	5280
5983	5281
5984	5282
5985	5283
5986	5284
5987	5285
5988	5286
5989	5287
5990	5288
5991	5289
5992	5290
5993	5291
5994	5292
5995	5293
5997	5294
5998	5295
5999	5296
6000	5297
6001	5298
6002	5299
6003	5300
6004	5301
6005	5302
6006	5303
6007	5304
6009	5305
6010	5306
6013	5307
6014	5308
6015	5309
6016	5310
6017	5311
6018	5312
6019	5313
6020	5314
6021	5315
6022	5316
6023	5317
6024	5318
6025	5319
6026	5320
6027	5321
6028	5322
6029	5323
6030	5324
6031	5325
6032	5326
6033	5327
6034	5328
6035	5329
6036	5330
6037	5331
6038	5332
6039	5333
6041	5334
6042	5335
6043	5336
6044	5337
6045	5338
6046	5339
6047	5340
6048	5341
6049	5342
6050	5343
6051	5344
6052	5345
6053	5346
6054	5347
6055	5348
6056	5349
6057	5350
6058	5351
6059	5352
6060	5353
6061	5354
6062	5355
6063	5356
6064	5357
6066	5358
6067	5359
6068	5360
6069	5361
6070	5362
6071	5363
6072	5364
6073	5365
6074	5366
6075	5367
6077	5368
6078	5369
6079	5370
6080	5371
6081	5372
6082	5373
6083	5374
6088	5375
6089	5376
6090	5377
6091	5378
6092	5379
6093	5380
6094	5381
6096	5382
6097	5383
6098	5384
6100	5385
6101	5386
6105	5387
6106	5388
6107	5389
6108	5390
6109	5391
6110	5392
6111	5393
6112	5394
6113	5395
6114	5396
6116	5397
6118	5398
6119	5399
6120	5400
6121	5401
6123	5402
6124	5403
6126	5404
6127	5405
6128	5406
6129	5407
6130	5408
6132	5409
6133	5410
6134	5411
6135	5412
6139	5413
6141	5414
6142	5415
6143	5416
6144	5417
6145	5418
6146	5419
6147	5420
6148	5421
6149	5422
6150	5423
6151	5424
6152	5425
6153	5426
6155	5427
6156	5428
6157	5429
6158	5430
6160	5431
6161	5432
6162	5433
6164	5434
6165	5435
6166	5436
6168	5437
6169	5438
6170	5439
6174	5440
6175	5441
6176	5442
6177	5443
6178	5444
6179	5445
6180	5446
6181	5447
6182	5448
6183	5449
6184	5450
6185	5451
6186	5452
6187	5453
6188	5454
6190	5455
6191	5456
6192	5457
6193	5458
6196	5459
6197	5460
6198	5461
6199	5462
6200	5463
6201	5464
6202	5465
6203	5466
6204	5467
6205	5468
6206	5469
6207	5470
6208	5471
6212	5472
6213	5473
6214	5474
6215	5475
6216	5476
6217	5477
6218	5478
6219	5479
6220	5480
6221	5481
6222	5482
6223	5483
6224	5484
6225	5485
6226	5486
6227	5487
6228	5488
6229	5489
6230	5490
6232	5491
6235	5492
6236	5493
6239	5494
6240	5495
6241	5496
6242	5497
6243	5498
6244	5499
6245	5500
6246	5501
6247	5502
6248	5503
6251	5504
6252	5505
6253	5506
6254	5507
6255	5508
6257	5509
6258	5510
6259	5511
6261	5512
6262	5513
6263	5514
6264	5515
6265	5516
6266	5517
6267	5518
6269	5519
6270	5520
6271	5521
6272	5522
6273	5523
6274	5524
6275	5525
6276	5526
6278	5527
6279	5528
6280	5529
6281	5530
6282	5531
6286	5532
6287	5533
6288	5534
6291	5535
6292	5536
6293	5537
6294	5538
6295	5539
6296	5540
6297	5541
6298	5542
6299	5543
6301	5544
6302	5545
6304	5546
6305	5547
6306	5548
6307	5549
6311	5550
6312	5551
6313	5552
6314	5553
6315	5554
6316	5555
6317	5556
6319	5557
6320	5558
6321	5559
6323	5560
6324	5561
6325	5562
6326	5563
6327	5564
6328	5565
6330	5566
6331	5567
6332	5568
6333	5569
6334	5570
6337	5571
6339	5572
6340	5573
6344	5574
6346	5575
6347	5576
6348	5577
6349	5578
6350	5579
6351	5580
6355	5581
6356	5582
6359	5583
6360	5584
6366	5585
6367	5586
6371	5587
6374	5588
6375	5589
6376	5590
6377	5591
6378	5592
6379	5593
6380	5594
6381	5595
6383	5596
6387	5597
6388	5598
6389	5599
6391	5600
6392	5601
6393	5602
6394	5603
6395	5604
6396	5605
6397	5606
6398	5607
6399	5608
6400	5609
6406	5610
6407	5611
6408	5612
6409	5613
6410	5614
6411	5615
6412	5616
6413	5617
6414	5618
6415	5619
6416	5620
6417	5621
6421	5622
6422	5623
6423	5624
6424	5625
6426	5626
6427	5627
6428	5628
6429	5629
6430	5630
6431	5631
6432	5632
6435	5633
6436	5634
6437	5635
6439	5636
6440	5637
6441	5638
6442	5639
6443	5640
6444	5641
6445	5642
6446	5643
6447	5644
6448	5645
6450	5646
6451	5647
6452	5648
6453	5649
6454	5650
6455	5651
6456	5652
6457	5653
6458	5654
6459	5655
6460	5656
6461	5657
6462	5658
6464	5659
6466	5660
6467	5661
6468	5662
6469	5663
6470	5664
6471	5665
6472	5666
6474	5667
6475	5668
6477	5669
6478	5670
6479	5671
6480	5672
6481	5673
6483	5674
6484	5675
6485	5676
6486	5677
6487	5678
6488	5679
6489	5680
6490	5681
6491	5682
6492	5683
6493	5684
6494	5685
6495	5686
6496	5687
6497	5688
6498	5689
6500	5690
6501	5691
6502	5692
6503	5693
6504	5694
6505	5695
6506	5696
6507	5697
6508	5698
6509	5699
6510	5700
6511	5701
6513	5702
6514	5703
6515	5704
6516	5705
6517	5706
6518	5707
6519	5708
6520	5709
6521	5710
6522	5711
6523	5712
6524	5713
6525	5714
6526	5715
6527	5716
6528	5717
6529	5718
6530	5719
6532	5720
6533	5721
6534	5722
6535	5723
6536	5724
6537	5725
6538	5726
6539	5727
6541	5728
6542	5729
6543	5730
6544	5731
6545	5732
6546	5733
6547	5734
6548	5735
6550	5736
6551	5737
6552	5738
6553	5739
6554	5740
6555	5741
6560	5742
6561	5743
6563	5744
6565	5745
6566	5746
6567	5747
6568	5748
6570	5749
6571	5750
6572	5751
6573	5752
6574	5753
6575	5754
6576	5755
6577	5756
6578	5757
6579	5758
6580	5759
6581	5760
6582	5761
6583	5762
6584	5763
6585	5764
6586	5765
6587	5766
6588	5767
6589	5768
6590	5769
6592	5770
6594	5771
6595	5772
6596	5773
6598	5774
6599	5775
6600	5776
6601	5777
6602	5778
6603	5779
6604	5780
6605	5781
6606	5782
6607	5783
6608	5784
6609	5785
6611	5786
6612	5787
6613	5788
6614	5789
6615	5790
6616	5791
6617	5792
6618	5793
6619	5794
6620	5795
6621	5796
6622	5797
6623	5798
6624	5799
6625	5800
6626	5801
6627	5802
6628	5803
6630	5804
6632	5805
6633	5806
6634	5807
6635	5808
6636	5809
6638	5810
6639	5811
6641	5812
6643	5813
6644	5814
6645	5815
6646	5816
6647	5817
6648	5818
6649	5819
6650	5820
6651	5821
6652	5822
6653	5823
6654	5824
6655	5825
6656	5826
6657	5827
6658	5828
6660	5829
6661	5830
6663	5831
6665	5832
6666	5833
6668	5834
6670	5835
6671	5836
6672	5837
6673	5838
6674	5839
6675	5840
6676	5841
6677	5842
6678	5843
6679	5844
6680	5845
6681	5846
6682	5847
6683	5848
6684	5849
6685	5850
6686	5851
6687	5852
6688	5853
6689	5854
6690	5855
6691	5856
6692	5857
6695	5858
6696	5859
6697	5860
6698	5861
6699	5862
6700	5863
6701	5864
6702	5865
6703	5866
6705	5867
6706	5868
6707	5869
6709	5870
6710	5871
6711	5872
6712	5873
6713	5874
6714	5875
6715	5876
6717	5877
6718	5878
6719	5879
6720	5880
6721	5881
6723	5882
6724	5883
6725	5884
6726	5885
6727	5886
6728	5887
6729	5888
6730	5889
6731	5890
6732	5891
6734	5892
6735	5893
6736	5894
6737	5895
6738	5896
6739	5897
6744	5898
6745	5899
6746	5900
6747	5901
6749	5902
6751	5903
6752	5904
6753	5905
6755	5906
6756	5907
6757	5908
6758	5909
6759	5910
6760	5911
6761	5912
6762	5913
6764	5914
6765	5915
6766	5916
6767	5917
6768	5918
6769	5919
6770	5920
6771	5921
6772	5922
6773	5923
6774	5924
6775	5925
6776	5926
6777	5927
6778	5928
6779	5929
6780	5930
6781	5931
6782	5932
6783	5933
6784	5934
6787	5935
6788	5936
6789	5937
6790	5938
6791	5939
6793	5940
6794	5941
6795	5942
6797	5943
6798	5944
6800	5945
6801	5946
6802	5947
6803	5948
6804	5949
6805	5950
6806	5951
6807	5952
6808	5953
6809	5954
6810	5955
6811	5956
6812	5957
6813	5958
6815	5959
6816	5960
6818	5961
6819	5962
6821	5963
6822	5964
6824	5965
6826	5966
6828	5967
6829	5968
6832	5969
6833	5970
6834	5971
6835	5972
6836	5973
6837	5974
6840	5975
6841	5976
6842	5977
6843	5978
6844	5979
6845	5980
6846	5981
6847	5982
6848	5983
6850	5984
6852	5985
6854	5986
6855	5987
6856	5988
6858	5989
6859	5990
6860	5991
6861	5992
6862	5993
6863	5994
6864	5995
6865	5996
6866	5997
6867	5998
6869	5999
6870	6000
6871	6001
6873	6002
6875	6003
6876	6004
6877	6005
6878	6006
6880	6007
6881	6008
6883	6009
6884	6010
6885	6011
6886	6012
6889	6013
6890	6014
6892	6015
6895	6016
6896	6017
6897	6018
6899	6019
6900	6020
6901	6021
6902	6022
6903	6023
6904	6024
6905	6025
6906	6026
6907	6027
6908	6028
6909	6029
6910	6030
6911	6031
6912	6032
6913	6033
6914	6034
6915	6035
6916	6036
6917	6037
6918	6038
6920	6039
6921	6040
6922	6041
6923	6042
6924	6043
6926	6044
6927	6045
6928	6046
6929	6047
6930	6048
6933	6049
6934	6050
6935	6051
6936	6052
6938	6053
6940	6054
6941	6055
6942	6056
6943	6057
6945	6058
6946	6059
6947	6060
6948	6061
6949	6062
6950	6063
6951	6064
6953	6065
6954	6066
6955	6067
6958	6068
6959	6069
6960	6070
6961	6071
6962	6072
6963	6073
6965	6074
6967	6075
6968	6076
6969	6077
6971	6078
6972	6079
6974	6080
6975	6081
6976	6082
6978	6083
6979	6084
6980	6085
6981	6086
6982	6087
6983	6088
6984	6089
6985	6090
6986	6091
6987	6092
6990	6093
6991	6094
6993	6095
6994	6096
6995	6097
6996	6098
6997	6099
6998	6100
6999	6101
7000	6102
7001	6103
7002	6104
7003	6105
7004	6106
7005	6107
7006	6108
7007	6109
7008	6110
7009	6111
7010	6112
7011	6113
7012	6114
7013	6115
7014	6116
7015	6117
7016	6118
7017	6119
7018	6120
7019	6121
7020	6122
7021	6123
7022	6124
7023	6125
7024	6126
7025	6127
7026	6128
7027	6129
7028	6130
7029	6131
7030	6132
7031	6133
7032	6134
7033	6135
7034	6136
7035	6137
7036	6138
7037	6139
7038	6140
7040	6141
7041	6142
7042	6143
7043	6144
7044	6145
7045	6146
7046	6147
7047	6148
7048	6149
7049	6150
7050	6151
7051	6152
7052	6153
7053	6154
7054	6155
7055	6156
7056	6157
7057	6158
7059	6159
7060	6160
7061	6161
7062	6162
7063	6163
7064	6164
7065	6165
7070	6166
7071	6167
7072	6168
7073	6169
7074	6170
7079	6171
7080	6172
7082	6173
7084	6174
7085	6175
7086	6176
7087	6177
7088	6178
7089	6179
7090	6180
7092	6181
7094	6182
7095	6183
7096	6184
7098	6185
7099	6186
7100	6187
7101	6188
7103	6189
7104	6190
7106	6191
7107	6192
7108	6193
7109	6194
7110	6195
7111	6196
7112	6197
7113	6198
7114	6199
7115	6200
7116	6201
7117	6202
7118	6203
7119	6204
7120	6205
7121	6206
7122	6207
7123	6208
7124	6209
7125	6210
7126	6211
7127	6212
7128	6213
7129	6214
7130	6215
7131	6216
7132	6217
7133	6218
7134	6219
7135	6220
7136	6221
7137	6222
7138	6223
7139	6224
7140	6225
7142	6226
7143	6227
7144	6228
7145	6229
7146	6230
7149	6231
7150	6232
7151	6233
7153	6234
7154	6235
7155	6236
7156	6237
7157	6238
7158	6239
7159	6240
7160	6241
7161	6242
7162	6243
7163	6244
7164	6245
7165	6246
7166	6247
7167	6248
7168	6249
7170	6250
7171	6251
7172	6252
7173	6253
7174	6254
7175	6255
7176	6256
7177	6257
7178	6258
7179	6259
7180	6260
7181	6261
7183	6262
7184	6263
7185	6264
7186	6265
7187	6266
7188	6267
7189	6268
7190	6269
7191	6270
7192	6271
7193	6272
7194	6273
7195	6274
7197	6275
7198	6276
7199	6277
7201	6278
7203	6279
7204	6280
7205	6281
7206	6282
7210	6283
7211	6284
7212	6285
7214	6286
7215	6287
7217	6288
7218	6289
7219	6290
7220	6291
7221	6292
7222	6293
7223	6294
7225	6295
7226	6296
7227	6297
7228	6298
7229	6299
7230	6300
7231	6301
7232	6302
7233	6303
7234	6304
7235	6305
7236	6306
7237	6307
7238	6308
7239	6309
7240	6310
7241	6311
7243	6312
7245	6313
7246	6314
7250	6315
7251	6316
7252	6317
7253	6318
7254	6319
7255	6320
7257	6321
7260	6322
7262	6323
7265	6324
7266	6325
7267	6326
7268	6327
7269	6328
7270	6329
7271	6330
7273	6331
7276	6332
7277	6333
7278	6334
7279	6335
7280	6336
7281	6337
7282	6338
7283	6339
7284	6340
7285	6341
7286	6342
7287	6343
7289	6344
7290	6345
7291	6346
7292	6347
7293	6348
7294	6349
7295	6350
7296	6351
7297	6352
7298	6353
7299	6354
7300	6355
7301	6356
7302	6357
7304	6358
7305	6359
7306	6360
7309	6361
7310	6362
7315	6363
7316	6364
7317	6365
7318	6366
7319	6367
7320	6368
7321	6369
7323	6370
7326	6371
7327	6372
7329	6373
7330	6374
7332	6375
7333	6376
7335	6377
7336	6378
7337	6379
7341	6380
7342	6381
7343	6382
7344	6383
7345	6384
7347	6385
7348	6386
7349	6387
7350	6388
7351	6389
7352	6390
7353	6391
7354	6392
7355	6393
7357	6394
7359	6395
7360	6396
7362	6397
7363	6398
7365	6399
7371	6400
7372	6401
7373	6402
7374	6403
7376	6404
7377	6405
7378	6406
7379	6407
7380	6408
7381	6409
7382	6410
7383	6411
7386	6412
7387	6413
7389	6414
7390	6415
7391	6416
7392	6417
7393	6418
7394	6419
7397	6420
7400	6421
7401	6422
7402	6423
7403	6424
7404	6425
7405	6426
7407	6427
7409	6428
7413	6429
7414	6430
7415	6431
7416	6432
7417	6433
7418	6434
7419	6435
7420	6436
7421	6437
7422	6438
7423	6439
7424	6440
7425	6441
7426	6442
7427	6443
7428	6444
7429	6445
7430	6446
7431	6447
7434	6448
7436	6449
7439	6450
7440	6451
7441	6452
7442	6453
7443	6454
7444	6455
7445	6456
7446	6457
7447	6458
7448	6459
7449	6460
7450	6461
7451	6462
7452	6463
7453	6464
7454	6465
7455	6466
7456	6467
7457	6468
7458	6469
7459	6470
7461	6471
7462	6472
7465	6473
7466	6474
7467	6475
7468	6476
7469	6477
7470	6478
7471	6479
7472	6480
7473	6481
7474	6482
7476	6483
7477	6484
7478	6485
7480	6486
7481	6487
7482	6488
7483	6489
7484	6490
7485	6491
7486	6492
7487	6493
7490	6494
7491	6495
7492	6496
7493	6497
7494	6498
7495	6499
7497	6500
7498	6501
7501	6502
7502	6503
7503	6504
7505	6505
7506	6506
7508	6507
7509	6508
7510	6509
7511	6510
7512	6511
7513	6512
7514	6513
7515	6514
7517	6515
7518	6516
7520	6517
7522	6518
7523	6519
7524	6520
7525	6521
7527	6522
7528	6523
7529	6524
7531	6525
7533	6526
7534	6527
7535	6528
7536	6529
7537	6530
7538	6531
7540	6532
7544	6533
7545	6534
7546	6535
7549	6536
7550	6537
7553	6538
7554	6539
7557	6540
7561	6541
7563	6542
7564	6543
7565	6544
7567	6545
7569	6546
7570	6547
7571	6548
7572	6549
7574	6550
7576	6551
7577	6552
7578	6553
7579	6554
7580	6555
7581	6556
7583	6557
7585	6558
7586	6559
7587	6560
7588	6561
7590	6562
7593	6563
7594	6564
7595	6565
7597	6566
7598	6567
7599	6568
7600	6569
7601	6570
7602	6571
7604	6572
7605	6573
7608	6574
7609	6575
7610	6576
7611	6577
7613	6578
7614	6579
7615	6580
7616	6581
7617	6582
7618	6583
7619	6584
7620	6585
7623	6586
7624	6587
7625	6588
7626	6589
7629	6590
7630	6591
7632	6592
7634	6593
7636	6594
7637	6595
7638	6596
7639	6597
7642	6598
7644	6599
7645	6600
7646	6601
7647	6602
7648	6603
7649	6604
7650	6605
7651	6606
7652	6607
7653	6608
7658	6609
7659	6610
7660	6611
7661	6612
7662	6613
7663	6614
7664	6615
7665	6616
7666	6617
7668	6618
7669	6619
7670	6620
7672	6621
7673	6622
7675	6623
7676	6624
7677	6625
7678	6626
7679	6627
7682	6628
7683	6629
7684	6630
7685	6631
7686	6632
7687	6633
7688	6634
7690	6635
7691	6636
7694	6637
7695	6638
7696	6639
7697	6640
7698	6641
7699	6642
7701	6643
7703	6644
7704	6645
7705	6646
7706	6647
7707	6648
7708	6649
7715	6650
7716	6651
7717	6652
7719	6653
7720	6654
7721	6655
7724	6656
7726	6657
7727	6658
7728	6659
7729	6660
7730	6661
7732	6662
7733	6663
7734	6664
7735	6665
7736	6666
7737	6667
7738	6668
7740	6669
7741	6670
7742	6671
7743	6672
7744	6673
7745	6674
7747	6675
7750	6676
7751	6677
7752	6678
7753	6679
7754	6680
7755	6681
7756	6682
7757	6683
7758	6684
7759	6685
7760	6686
7761	6687
7762	6688
7763	6689
7765	6690
7766	6691
7767	6692
7768	6693
7769	6694
7770	6695
7771	6696
7772	6697
7773	6698
7774	6699
7775	6700
7777	6701
7778	6702
7779	6703
7780	6704
7781	6705
7782	6706
7783	6707
7788	6708
7789	6709
7790	6710
7791	6711
7792	6712
7795	6713
7796	6714
7797	6715
7799	6716
7800	6717
7801	6718
7802	6719
7803	6720
7804	6721
7805	6722
7806	6723
7808	6724
7809	6725
7810	6726
7812	6727
7813	6728
7814	6729
7815	6730
7818	6731
7819	6732
7821	6733
7822	6734
7826	6735
7827	6736
7828	6737
7829	6738
7830	6739
7831	6740
7832	6741
7833	6742
7834	6743
7835	6744
7836	6745
7837	6746
7839	6747
7840	6748
7841	6749
7842	6750
7843	6751
7844	6752
7845	6753
7848	6754
7849	6755
7850	6756
7851	6757
7852	6758
7853	6759
7854	6760
7855	6761
7856	6762
7857	6763
7860	6764
7861	6765
7862	6766
7863	6767
7864	6768
7865	6769
7866	6770
7867	6771
7868	6772
7869	6773
7870	6774
7871	6775
7873	6776
7874	6777
7875	6778
7877	6779
7878	6780
7879	6781
7881	6782
7882	6783
7883	6784
7884	6785
7885	6786
7886	6787
7887	6788
7888	6789
7889	6790
7890	6791
7891	6792
7892	6793
7893	6794
7894	6795
7899	6796
7900	6797
7901	6798
7902	6799
7903	6800
7904	6801
7905	6802
7906	6803
7907	6804
7908	6805
7909	6806
7910	6807
7911	6808
7912	6809
7913	6810
7914	6811
7915	6812
7916	6813
7919	6814
7920	6815
7921	6816
7922	6817
7923	6818
7924	6819
7925	6820
7927	6821
7928	6822
7929	6823
7930	6824
7931	6825
7932	6826
7933	6827
7934	6828
7935	6829
7937	6830
7938	6831
7939	6832
7940	6833
7941	6834
7942	6835
7944	6836
7945	6837
7946	6838
7948	6839
7949	6840
7950	6841
7952	6842
7953	6843
7954	6844
7955	6845
7956	6846
7957	6847
7959	6848
7960	6849
7961	6850
7964	6851
7965	6852
7966	6853
7967	6854
7968	6855
7969	6856
7970	6857
7972	6858
7973	6859
7974	6860
7975	6861
7976	6862
7978	6863
7979	6864
7980	6865
7981	6866
7982	6867
7985	6868
7986	6869
7991	6870
7992	6871
7993	6872
7994	6873
7995	6874
7996	6875
7998	6876
7999	6877
8000	6878
8001	6879
8002	6880
8005	6881
8006	6882
8007	6883
8009	6884
8010	6885
8011	6886
8012	6887
8013	6888
8014	6889
8015	6890
8019	6891
8020	6892
8021	6893
8023	6894
8024	6895
8025	6896
8027	6897
8028	6898
8033	6899
8035	6900
8036	6901
8037	6902
8038	6903
8040	6904
8041	6905
8042	6906
8043	6907
8044	6908
8045	6909
8046	6910
8047	6911
8048	6912
8049	6913
8050	6914
8051	6915
8052	6916
8053	6917
8054	6918
8055	6919
8056	6920
8057	6921
8058	6922
8060	6923
8061	6924
8062	6925
8063	6926
8064	6927
8065	6928
8066	6929
8068	6930
8069	6931
8070	6932
8071	6933
8072	6934
8073	6935
8074	6936
8075	6937
8076	6938
8077	6939
8079	6940
8080	6941
8081	6942
8083	6943
8084	6944
8085	6945
8086	6946
8087	6947
8088	6948
8089	6949
8090	6950
8091	6951
8092	6952
8093	6953
8094	6954
8095	6955
8096	6956
8097	6957
8098	6958
8099	6959
8100	6960
8101	6961
8102	6962
8103	6963
8104	6964
8105	6965
8106	6966
8107	6967
8108	6968
8109	6969
8110	6970
8111	6971
8112	6972
8114	6973
8115	6974
8118	6975
8119	6976
8120	6977
8121	6978
8122	6979
8124	6980
8126	6981
8128	6982
8130	6983
8131	6984
8132	6985
8133	6986
8134	6987
8135	6988
8136	6989
8137	6990
8138	6991
8139	6992
8140	6993
8141	6994
8142	6995
8144	6996
8145	6997
8146	6998
8147	6999
8148	7000
8149	7001
8150	7002
8152	7003
8153	7004
8155	7005
8156	7006
8157	7007
8158	7008
8159	7009
8161	7010
8162	7011
8163	7012
8165	7013
8166	7014
8167	7015
8168	7016
8169	7017
8170	7018
8171	7019
8172	7020
8173	7021
8174	7022
8175	7023
8177	7024
8178	7025
8179	7026
8180	7027
8181	7028
8182	7029
8183	7030
8184	7031
8186	7032
8187	7033
8189	7034
8190	7035
8192	7036
8193	7037
8194	7038
8195	7039
8196	7040
8197	7041
8198	7042
8199	7043
8202	7044
8203	7045
8204	7046
8205	7047
8206	7048
8209	7049
8211	7050
8212	7051
8213	7052
8214	7053
8215	7054
8216	7055
8219	7056
8221	7057
8222	7058
8224	7059
8225	7060
8226	7061
8227	7062
8229	7063
8231	7064
8232	7065
8233	7066
8235	7067
8236	7068
8237	7069
8238	7070
8241	7071
8242	7072
8243	7073
8244	7074
8245	7075
8246	7076
8248	7077
8249	7078
8251	7079
8252	7080
8253	7081
8254	7082
8255	7083
8256	7084
8260	7085
8261	7086
8262	7087
8263	7088
8264	7089
8265	7090
8266	7091
8270	7092
8271	7093
8272	7094
8273	7095
8274	7096
8275	7097
8276	7098
8277	7099
8282	7100
8283	7101
8284	7102
8285	7103
8286	7104
8287	7105
8288	7106
8289	7107
8290	7108
8291	7109
8292	7110
8293	7111
8294	7112
8295	7113
8296	7114
8297	7115
