0	30
0	687
0	1220
0	2073
0	22
0	1300
0	85
0	100
0	112
0	141
0	160
0	181
0	199
0	207
0	1997
0	235
0	248
0	239
0	256
0	268
0	277
0	297
0	627
0	357
0	387
0	395
0	6904
0	16
0	438
0	64
0	7034
0	479
0	498
0	531
0	218
0	555
0	562
0	573
0	194
0	640
0	648
0	672
0	683
0	2818
0	724
0	728
0	2851
0	1407
0	768
0	776
0	5936
0	1260
0	801
0	2055
0	814
0	824
0	1565
0	3105
0	848
0	855
0	860
0	867
0	891
0	469
0	37
0	905
0	923
0	915
0	1580
0	957
0	8042
0	969
0	3970
0	2591
0	1001
0	1058
0	1059
0	1060
0	1266
0	1067
0	1066
0	1085
0	1087
0	1093
0	1108
0	1112
0	1130
0	327
0	1138
0	2350
0	1155
0	1158
0	1178
0	1170
0	1175
0	1389
0	1197
0	1205
0	1412
0	1216
0	1219
0	1246
0	1258
0	1272
0	1273
0	1274
0	1275
0	1277
0	1276
0	1280
0	1328
0	1334
0	1344
0	964
0	1355
0	1376
0	1387
0	1404
0	1405
0	1408
0	1409
0	1410
0	1469
0	1581
0	1979
0	1488
0	1494
0	1495
0	1499
0	1502
0	1511
0	1519
0	1527
0	1550
0	1568
0	1572
0	1578
0	1579
0	1629
0	1659
0	1677
0	1693
0	1694
0	1698
0	1711
0	1710
0	1736
0	1739
0	1753
0	2678
0	1784
0	1812
0	1825
0	1827
0	1829
0	1830
0	1840
0	1856
0	1869
0	1872
0	1883
0	1388
0	1902
0	1316
0	1911
0	1931
0	1960
0	1962
0	2013
0	2018
0	2024
0	2032
0	2056
0	2057
0	2058
0	2070
0	2127
0	2138
0	2146
0	2150
0	2172
0	2191
0	2214
0	2227
0	2033
0	2282
0	2287
0	2293
0	3616
0	2314
0	534
0	2344
0	2349
0	2359
0	2372
0	902
0	2392
0	2394
0	2393
0	2405
0	2306
0	3669
0	2463
0	2443
0	2094
0	2454
0	2465
0	2457
0	2466
0	2487
0	2500
0	2503
0	2505
0	2530
0	2527
0	1181
0	2551
0	3770
0	2562
0	2572
0	2583
0	2616
0	2633
0	2639
0	2648
0	2661
0	1874
0	4411
0	2716
0	2725
0	2729
0	2413
0	2767
0	2802
0	2817
0	1935
0	3171
0	2853
0	2867
0	2870
0	1113
0	2907
0	2910
0	2938
0	2941
0	5511
0	2971
0	2980
0	2994
0	3008
0	5931
0	3019
0	2110
0	3022
0	5442
0	1626
0	3042
0	3051
0	3055
0	3077
0	7860
0	3118
0	3128
0	3135
0	3152
0	3162
0	3169
0	1821
0	3190
0	3194
0	3195
0	3208
0	532
0	3223
0	3234
0	3248
0	3267
0	3280
0	3299
0	3314
0	3335
0	3360
0	3358
0	3369
0	3384
0	3391
0	5882
0	3396
0	3400
0	6307
0	3436
0	3444
0	6225
0	7290
0	6106
0	3467
0	3481
0	3509
0	3512
0	3521
0	3525
0	2976
0	3343
0	3561
0	3528
0	3595
0	3605
0	3737
0	3613
0	3604
0	3633
0	3636
0	3649
0	3652
0	1548
0	5694
0	3667
0	3668
0	3678
0	3695
0	3714
0	3733
0	3753
0	3759
0	7222
0	3784
0	5503
0	3805
0	5146
0	3829
0	3821
0	3833
0	3862
0	3888
0	3870
0	3886
0	3890
0	3923
0	3942
0	3941
0	3957
0	3968
0	3971
0	4005
0	4015
0	4050
0	4061
0	1457
0	4064
0	4069
0	4104
0	4120
0	6858
0	4131
0	4137
0	4146
0	4163
0	4174
0	4185
0	4195
0	4202
0	4223
0	4240
0	4245
0	4229
0	1937
0	213
0	4308
0	4320
0	4347
0	4465
0	7292
0	4493
0	4496
0	4503
0	4516
0	4545
0	4553
0	4556
0	4568
0	4582
0	5350
0	4608
0	4611
0	4624
0	4487
0	8163
0	3090
0	4670
0	4683
0	2437
0	4695
0	4700
0	4708
0	4664
0	3723
0	4736
0	4739
0	4746
0	4752
0	6009
0	4761
0	4762
0	4765
0	4766
0	4790
0	4825
0	4833
0	4837
0	4841
0	4845
0	4867
0	4868
0	4870
0	4919
0	4931
0	4947
0	4957
0	6950
0	4969
0	4973
0	4996
0	5016
0	5024
0	5047
0	5085
0	7297
0	7365
0	5111
0	5116
0	5129
0	5172
0	5832
0	7946
0	4039
0	7250
0	4095
0	5187
0	6278
0	5078
0	5195
0	5208
0	5203
0	5220
0	5230
0	1647
0	5248
0	5261
0	4407
0	5280
0	5290
0	5315
0	5317
0	5337
0	5345
0	5356
0	5366
0	5397
0	5400
0	5424
0	5435
0	5460
0	5468
0	3563
0	5485
0	4451
0	5501
0	5510
0	5512
0	5535
0	5540
0	5541
0	5558
0	5576
0	2784
0	5595
0	5598
0	5604
0	4862
0	5617
0	6110
0	5649
0	6530
0	8169
0	5669
0	5676
0	5687
0	5710
0	5722
0	6435
0	5746
0	5751
0	5766
0	5767
0	5956
0	5805
0	5880
0	1365
0	5860
0	5874
0	5884
0	5903
0	5913
0	5916
0	5930
0	5946
0	4923
0	5093
0	5970
0	5971
0	5989
0	6003
0	6019
0	6022
0	6037
0	6051
0	6063
0	5104
0	6082
0	6113
0	6134
0	6145
0	6155
0	6178
0	6182
0	6188
0	6205
0	6239
0	6252
0	6266
0	6267
0	6295
0	6132
0	6350
0	6366
0	6351
0	6375
0	1346
0	6389
0	6397
0	6416
0	6440
0	6452
0	6468
0	6484
0	7996
0	6516
0	5048
0	701
0	6533
0	6537
0	6542
0	6561
0	6572
0	6601
0	8130
0	6623
0	6622
0	6648
0	6654
0	6674
0	6683
0	6702
0	4925
0	6719
0	6730
0	6746
0	6771
0	6782
0	6798
0	6816
0	6822
0	6835
0	6844
0	6863
0	6870
0	6884
0	6903
0	6911
0	6958
0	6968
0	6972
0	6981
0	6996
0	6997
0	7004
0	7011
0	7018
0	7029
0	7051
0	6212
0	8079
0	7072
0	7082
0	3585
0	6734
0	4164
0	7085
0	7098
0	7106
0	7118
0	7127
0	7133
0	7139
0	7157
0	7165
0	7178
0	7190
0	7191
0	7218
0	7508
0	7229
0	7234
0	7245
0	7251
0	7252
0	7253
0	7291
0	7329
0	7342
0	7355
0	7377
0	7416
0	7425
0	7431
0	3788
0	7446
0	7454
0	7462
0	7477
0	7483
0	7492
0	7501
0	7515
0	7524
0	7535
0	7554
0	7579
0	7600
0	7611
0	7615
0	7623
0	7638
0	7670
0	7703
0	7719
0	7727
0	7745
0	7759
0	7781
0	7796
0	7808
0	7821
0	7832
0	7842
0	7852
0	7863
0	7870
0	7893
0	7905
0	7916
0	6936
0	6066
0	7931
0	7940
0	7949
0	7959
0	7970
0	7981
0	7982
0	7995
0	8040
0	8045
0	8055
0	8056
0	8057
0	8077
0	8105
0	8110
0	8097
0	8147
0	8161
0	8177
0	8181
0	8194
0	8206
0	8231
0	8233
0	8245
0	8256
0	8266
0	8271
1	8287
1	7
1	2329
1	81
1	31
1	8286
1	68
1	524
1	161
1	2004
1	5671
1	244
1	169
1	265
1	294
1	172
1	352
1	367
1	411
1	448
1	211
1	454
1	517
1	107
1	506
1	462
1	467
1	468
1	32
1	486
1	105
1	463
1	473
1	490
1	502
1	507
1	516
1	519
1	520
1	522
1	528
1	646
1	1901
1	43
1	716
1	718
1	726
1	1425
1	758
1	1858
1	2338
1	5061
1	772
1	786
1	1781
1	926
1	3348
1	3825
1	5417
1	1920
1	1052
1	1051
1	4584
1	2510
1	3807
1	4290
1	5721
1	1206
1	3670
1	1213
1	1227
1	1231
1	1232
1	1252
1	1269
1	2973
1	3489
1	2902
1	1792
1	4373
1	2474
1	1368
1	3030
1	2809
1	2697
1	1422
1	3126
1	2991
1	2264
1	1169
1	1552
1	1570
1	2550
1	2356
1	1596
1	2231
1	5083
1	1611
1	1769
1	1691
1	3338
1	1751
1	1795
1	1367
1	4233
1	1832
1	1875
1	1885
1	2348
1	1899
1	1900
1	1915
1	1946
1	1972
1	5463
1	1981
1	2001
1	2002
1	2016
1	3029
1	3946
1	2171
1	2176
1	2186
1	5680
1	2234
1	2228
1	3201
1	2229
1	2232
1	1967
1	3114
1	3849
1	2274
1	2819
1	3538
1	2366
1	2252
1	1466
1	1100
1	2571
1	2476
1	7862
1	2497
1	3892
1	2587
1	3480
1	1147
1	2996
1	1777
1	3068
1	2547
1	2566
1	2560
1	1437
1	2977
1	2565
1	3056
1	2825
1	3937
1	5245
1	2700
1	2613
1	3772
1	3921
1	2623
1	3164
1	2647
1	3486
1	4051
1	3800
1	2652
1	2326
1	3567
1	2658
1	7651
1	2659
1	2687
1	2674
1	2708
1	856
1	3313
1	3324
1	2701
1	3243
1	3351
1	3376
1	4417
1	2704
1	2974
1	5637
1	2688
1	5452
1	2667
1	2690
1	2719
1	2564
1	2747
1	3050
1	2804
1	2693
1	4021
1	2799
1	5144
1	3155
1	4386
1	4529
1	2918
1	3307
1	3021
1	2912
1	3099
1	2416
1	2913
1	3020
1	2925
1	2932
1	2951
1	2964
1	3609
1	2967
1	2947
1	2299
1	4162
1	4012
1	4482
1	4929
1	2972
1	3615
1	2950
1	2662
1	5756
1	3006
1	3548
1	2209
1	3031
1	3150
1	3580
1	4453
1	2713
1	2544
1	3646
1	3046
1	3587
1	3062
1	1393
1	3072
1	3095
1	2617
1	3144
1	2324
1	2686
1	3145
1	3148
1	2724
1	3903
1	3371
1	3191
1	3209
1	3235
1	3252
1	3255
1	3258
1	3262
1	3506
1	3787
1	3300
1	3290
1	2597
1	3349
1	1239
1	3009
1	3529
1	4234
1	4289
1	3375
1	2290
1	3379
1	3173
1	3380
1	5872
1	2433
1	3392
1	3018
1	5026
1	3404
1	3435
1	6330
1	3002
1	3449
1	3073
1	4999
1	2831
1	4297
1	4298
1	4706
1	3455
1	3417
1	4798
1	4980
1	5640
1	4662
1	5457
1	3463
1	3470
1	3479
1	3200
1	3477
1	4828
1	3390
1	3478
1	1157
1	4055
1	4365
1	3092
1	3522
1	4551
1	3523
1	3527
1	2706
1	3520
1	2307
1	3847
1	3555
1	3813
1	3569
1	3557
1	2379
1	3926
1	3933
1	3622
1	4043
1	3629
1	3812
1	3634
1	4098
1	3641
1	5829
1	4201
1	6347
1	6481
1	4263
1	3660
1	3816
1	3301
1	4088
1	3457
1	5430
1	3547
1	3682
1	3691
1	3010
1	3748
1	3769
1	3785
1	1310
1	6400
1	3786
1	3803
1	3806
1	3814
1	3887
1	3871
1	3910
1	3912
1	4485
1	5559
1	827
1	3720
1	3949
1	3320
1	3103
1	3973
1	2364
1	3898
1	4036
1	5780
1	2655
1	3309
1	4044
1	4938
1	4045
1	2981
1	3794
1	4077
1	4811
1	4072
1	4964
1	2760
1	5886
1	4111
1	1159
1	4076
1	4123
1	2134
1	4138
1	4142
1	3125
1	4199
1	2699
1	4713
1	4222
1	4255
1	3284
1	6914
1	4528
1	3188
1	4331
1	4353
1	4355
1	4364
1	3560
1	4415
1	5963
1	4422
1	4437
1	6337
1	4441
1	3614
1	3554
1	5103
1	5684
1	5737
1	4715
1	4483
1	5527
1	5739
1	4534
1	5539
1	6422
1	3140
1	5705
1	4557
1	4563
1	5863
1	4604
1	4632
1	3461
1	3969
1	5545
1	4820
1	4673
1	6441
1	4686
1	4688
1	4189
1	4261
1	3057
1	4718
1	4712
1	4329
1	4725
1	4219
1	6770
1	1305
1	5123
1	4748
1	2764
1	4818
1	5513
1	4829
1	4247
1	5651
1	4600
1	3885
1	4879
1	4894
1	4993
1	2592
1	4899
1	6715
1	3433
1	3366
1	3842
1	4448
1	2689
1	4967
1	6407
1	4974
1	7624
1	4966
1	5321
1	4982
1	5148
1	5743
1	5506
1	5182
1	5638
1	5029
1	4948
1	4527
1	4468
1	4777
1	5327
1	3576
1	5092
1	2744
1	5106
1	5110
1	7168
1	7699
1	5130
1	2490
1	6229
1	3995
1	5171
1	8209
1	988
1	5175
1	825
1	3469
1	5568
1	4024
1	3586
1	5176
1	4813
1	6148
1	6166
1	4687
1	4310
1	4988
1	5790
1	5437
1	5509
1	5179
1	3643
1	2822
1	3393
1	3460
1	4587
1	5605
1	5185
1	5650
1	5639
1	6296
1	5121
1	5189
1	8296
1	1799
1	5204
1	5215
1	5222
1	4315
1	3106
1	5947
1	5994
1	896
1	5263
1	3642
1	6044
1	2003
1	2325
1	5285
1	4846
1	6595
1	5391
1	6328
1	5427
1	5439
1	5445
1	5449
1	4530
1	5454
1	5155
1	5479
1	5482
1	4574
1	5487
1	6833
1	2440
1	6699
1	3948
1	4666
1	4689
1	6388
1	6554
1	7073
1	7414
1	4792
1	3498
1	3873
1	6098
1	6255
1	5531
1	5199
1	6262
1	4500
1	5543
1	6124
1	6589
1	7373
1	2258
1	5582
1	3453
1	5850
1	5596
1	3958
1	4276
1	5612
1	5620
1	5848
1	5630
1	6029
1	4986
1	4824
1	5683
1	5691
1	5696
1	5697
1	4175
1	4211
1	4796
1	4791
1	5226
1	5180
1	5775
1	4756
1	4266
1	5928
1	5783
1	5787
1	5796
1	6665
1	2785
1	5529
1	6860
1	7101
1	5806
1	6432
1	5423
1	5760
1	5022
1	4764
1	5020
1	6979
1	6855
1	5812
1	5814
1	5262
1	5233
1	5624
1	5828
1	5827
1	5839
1	5991
1	2765
1	5341
1	5969
1	6594
1	5002
1	7961
1	8295
1	6599
1	5871
1	5961
1	5072
1	6006
1	3015
1	4435
1	6161
1	5799
1	6151
1	5753
1	6094
1	4134
1	4221
1	5626
1	6218
1	5301
1	6023
1	2914
1	6270
1	4598
1	6243
1	6272
1	5335
1	6299
1	6305
1	5980
1	5809
1	3291
1	6323
1	6359
1	5798
1	6409
1	5804
1	4795
1	4041
1	6783
1	6377
1	6327
1	7115
1	6955
1	6498
1	6443
1	6873
1	6494
1	3792
1	6501
1	5140
1	5844
1	4488
1	5200
1	6522
1	6560
1	3334
1	3624
1	5166
1	7908
1	7092
1	6555
1	4065
1	6600
1	3459
1	2940
1	5818
1	6615
1	7813
1	2620
1	3919
1	6714
1	6720
1	5037
1	6774
1	5824
1	6097
1	7144
1	7012
1	7351
1	6907
1	7108
1	1024
1	7005
1	7620
1	6043
1	5028
1	4976
1	6505
1	5404
1	4536
1	7587
1	7294
1	4361
1	7343
1	6832
1	7578
1	7614
1	6523
1	4981
1	7766
1	5068
1	5973
1	5246
1	5524
1	5339
1	6869
1	6068
1	3447
1	4994
1	5399
1	6613
2	1669
2	829
2	2900
2	116
2	5925
2	146
2	156
2	158
2	162
2	1124
2	179
2	245
2	233
2	296
2	2763
2	328
2	7688
2	4661
2	191
2	413
2	425
2	460
2	492
2	501
2	523
2	530
2	542
2	543
2	557
2	563
2	583
2	610
2	615
2	653
2	1030
2	693
2	694
2	514
2	509
2	5384
2	5772
2	737
2	796
2	797
2	815
2	830
2	832
2	831
2	835
2	876
2	883
2	888
2	892
2	973
2	5073
2	987
2	5784
2	2178
2	1002
2	1025
2	5631
2	1028
2	1027
2	5563
2	1079
2	6934
2	7874
2	7442
2	1282
2	1271
2	1309
2	1325
2	1337
2	1345
2	1370
2	1008
2	1433
2	1450
2	1458
2	1470
2	4013
2	2168
2	1098
2	1612
2	7042
2	7517
2	1730
2	1625
2	1634
2	1635
2	1857
2	6164
2	1876
2	8212
2	1941
2	1923
2	572
2	7658
2	2034
2	2050
2	2077
2	2096
2	2638
2	2130
2	2155
2	2167
2	2192
2	7803
2	2224
2	2226
2	2281
2	2249
2	6503
2	6306
2	3804
2	2353
2	2360
2	2369
2	5673
2	434
2	6414
2	2502
2	3856
2	4983
2	7567
2	7819
2	7040
2	7381
2	6334
2	2694
2	2759
2	2761
2	2839
2	2924
2	2928
2	2936
2	8186
2	4625
2	5295
2	5467
2	7074
2	2988
2	5058
2	539
2	3025
2	5415
2	6321
2	6566
2	291
2	3086
2	6784
2	3129
2	3133
2	3143
2	3113
2	3182
2	3186
2	3212
2	3219
2	3224
2	3227
2	3249
2	3281
2	3277
2	3331
2	3350
2	3355
2	3373
2	7510
2	5819
2	6913
2	2010
2	4776
2	2983
2	3519
2	7301
2	3600
2	3628
2	2680
2	3637
2	6901
2	840
2	6107
2	3658
2	3662
2	3719
2	3722
2	3743
2	3749
2	3762
2	3827
2	3877
2	3665
2	1667
2	2481
2	5188
2	3925
2	3292
2	5231
2	5303
2	5664
2	3982
2	3985
2	4023
2	8198
2	8224
2	4047
2	4046
2	4063
2	5800
2	4073
2	5470
2	6472
2	4129
2	4144
2	4186
2	4292
2	4319
2	4342
2	4383
2	4398
2	7544
2	4425
2	6945
2	6458
2	2545
2	7662
2	8037
2	4455
2	4539
2	5274
2	4459
2	6417
2	5955
2	4489
2	4507
2	4576
2	6105
2	7839
2	5564
2	4369
2	3181
2	2452
2	7341
2	2552
2	4665
2	5584
2	4701
2	1722
2	4726
2	4741
2	4753
2	3571
2	5902
2	4773
2	4774
2	5133
2	5706
2	5465
2	5141
2	4851
2	4873
2	4874
2	4885
2	3808
2	580
2	4909
2	4914
2	7992
2	4932
2	4943
2	967
2	6682
2	4989
2	7186
2	5008
2	1493
2	3345
2	5977
2	6948
2	5031
2	5038
2	5053
2	6712
2	5054
2	5057
2	3809
2	5069
2	3297
2	7059
2	6156
2	5080
2	5090
2	5099
2	5098
2	1720
2	6681
2	5102
2	8141
2	3088
2	4771
2	5114
2	7119
2	5177
2	8044
2	5186
2	5776
2	5201
2	5229
2	5255
2	3683
2	6553
2	6570
2	6918
2	5352
2	5382
2	6261
2	7060
2	5446
2	2889
2	5475
2	5478
2	335
2	5515
2	5521
2	7050
2	4558
2	7088
2	7277
2	7131
2	7162
2	7788
2	5526
2	3900
2	6054
2	7397
2	5534
2	5193
2	6806
2	3293
2	5553
2	5561
2	5565
2	5591
2	5606
2	5745
2	5614
2	5616
2	6235
2	6976
2	7289
2	7304
2	7588
2	5655
2	7730
2	5667
2	2677
2	7185
2	5702
2	5741
2	5761
2	5692
2	5794
2	6567
2	2589
2	6892
2	6953
2	7726
2	7497
2	8002
2	5421
2	7882
2	5738
2	7534
2	4926
2	5811
2	7149
2	7295
2	6917
2	5816
2	1982
2	6780
2	5822
2	6790
2	5857
2	7791
2	5862
2	7618
2	4767
2	5908
2	5927
2	5932
2	5988
2	5998
2	4915
2	6020
2	7443
2	6024
2	6026
2	4944
2	7201
2	6038
2	6047
2	6049
2	6064
2	6071
2	6072
2	6174
2	6126
2	6133
2	6571
2	6157
2	6170
2	6176
2	6204
2	6216
2	6217
2	6219
2	6221
2	6632
2	7478
2	6236
2	7561
2	7694
2	5915
2	6241
2	7323
2	6271
2	7924
2	6274
2	6280
2	6304
2	1879
2	5950
2	7491
2	6663
2	6320
2	6331
2	6332
2	6333
2	6346
2	6227
2	7257
2	6360
2	5815
2	7391
2	6398
2	6032
2	6736
2	3764
2	1403
2	6442
2	7254
2	8073
2	6415
2	6421
2	6436
2	6447
2	6450
2	6451
2	6457
2	6469
2	6471
2	6552
2	6486
2	7237
2	5922
2	6933
2	6982
2	7810
2	6510
2	7707
2	6518
2	5807
2	6524
2	6525
2	6526
2	6993
2	6606
2	6483
2	6538
2	6563
2	6596
2	8122
2	8192
2	6605
2	4192
2	7529
2	6618
2	6765
2	6619
2	7440
2	3726
2	6616
2	7533
2	6624
2	6625
2	6626
2	6658
2	6551
2	6666
2	6676
2	7675
2	6737
2	3142
2	6726
2	7306
2	8083
2	6004
2	7450
2	6801
2	6805
2	6804
2	6848
2	6859
2	6620
2	6942
2	6001
2	6865
2	6883
2	7422
2	6747
2	5773
2	5059
2	6886
2	6900
2	6902
2	3346
2	6000
2	7246
2	6906
2	7965
2	6924
2	6941
2	6634
2	7649
2	6949
2	4009
2	6991
2	7899
2	7019
2	7023
2	7026
2	7043
2	7044
2	6923
2	7835
2	7052
2	6980
2	7053
2	7054
2	7593
2	7642
2	1865
2	5378
2	6635
2	7280
2	7047
2	7055
2	7634
2	7979
2	6866
2	3381
2	7056
2	7795
2	4940
2	7057
2	7062
2	6627
2	7063
2	7038
2	7574
2	6946
2	6045
2	5802
2	7094
2	7436
2	5500
2	7647
2	5432
2	6725
2	6967
2	5887
2	6789
2	8132
2	2511
2	4341
2	7669
2	7994
2	8090
2	6916
2	6759
2	7086
2	7910
2	4788
2	8149
2	5289
2	5015
2	7104
2	7110
2	7120
2	7553
2	7046
2	6772
2	7557
2	7132
2	6994
2	7188
2	7315
2	7701
2	7225
2	7646
2	7233
2	8174
2	7243
2	7262
2	5835
2	7276
2	5466
2	7652
2	2223
2	7317
2	7318
2	7350
2	7362
2	7379
2	7378
2	7357
2	8219
2	5966
2	7387
2	7021
2	7386
2	7604
2	7389
2	7394
2	7405
2	7407
2	7409
2	7279
2	7421
2	7809
2	7390
2	7449
2	7490
2	6424
2	7493
2	7512
2	7511
2	7520
2	7564
2	8051
2	7415
2	7400
2	7580
2	4884
2	7586
2	7594
2	7116
2	7598
2	3752
2	7952
2	7648
2	7668
2	7661
2	7695
2	7665
2	8121
2	7666
2	7679
2	7682
2	8148
2	7685
2	7683
2	7691
2	7697
2	7763
2	7733
2	7738
2	7757
2	7743
2	7744
2	7747
2	7755
2	7393
2	7768
2	5933
2	7769
2	7928
2	4432
2	7772
2	8204
2	7774
2	7778
2	7775
2	6951
2	8007
2	7818
2	5096
2	7871
2	5643
2	7080
2	8025
2	3962
2	7659
2	7900
2	7901
2	7902
2	7912
2	7906
2	7907
2	8178
2	7676
2	7740
2	5012
2	8168
2	8036
2	8124
2	8046
2	8047
2	8235
2	8053
2	8276
2	8107
2	8152
2	8156
2	5064
2	8162
2	8190
2	8211
2	8222
2	4401
2	8050
2	8263
2	7238
3	286
3	875
3	975
3	1747
3	4962
3	167
3	3
3	52
3	586
3	96
3	102
3	115
3	108
3	3681
3	123
3	124
3	581
3	7672
3	185
3	189
3	195
3	200
3	202
3	210
3	8283
3	217
3	253
3	607
3	604
3	284
3	320
3	316
3	333
3	340
3	369
3	101
3	3967
3	430
3	443
3	449
3	6875
3	164
3	1955
3	547
3	558
3	569
3	574
3	602
3	628
3	1020
3	641
3	654
3	676
3	699
3	729
3	738
3	751
3	754
3	755
3	7879
3	770
3	773
3	1780
3	785
3	808
3	816
3	1970
3	842
3	874
3	2276
3	909
3	7439
3	924
3	931
3	965
3	970
3	1714
3	3205
3	998
3	913
3	1003
3	1021
3	1033
3	5308
3	5309
3	872
3	1094
3	1097
3	1104
3	1105
3	1109
3	1126
3	1134
3	1139
3	1161
3	2211
3	5132
3	1180
3	1182
3	1176
3	1208
3	1214
3	1228
3	1254
3	1287
3	1313
3	1317
3	1338
3	1351
3	1398
3	1424
3	1478
3	2679
3	1429
3	1436
3	1451
3	1459
3	1505
3	1515
3	2339
3	2195
3	1551
3	1575
3	1607
3	1678
3	1616
3	1620
3	1650
3	4580
3	1671
3	1675
3	4654
3	1699
3	1703
3	1712
3	1737
3	1755
3	1759
3	1778
3	1813
3	1831
3	1841
3	1860
3	1870
3	1873
3	1887
3	1889
3	1891
3	2479
3	1905
3	1912
3	1925
3	1932
3	1940
3	1947
3	2040
3	2042
3	2019
3	2025
3	2035
3	2051
3	2083
3	2111
3	2131
3	2029
3	2141
3	2147
3	2149
3	2173
3	2194
3	2203
3	2204
3	2215
3	2216
3	2250
3	2422
3	2260
3	8175
3	2334
3	2335
3	2336
3	2337
3	2367
3	2374
3	2382
3	2391
3	2395
3	2399
3	2406
3	2428
3	2373
3	2439
3	2444
3	2447
3	2459
3	2477
3	2531
3	2528
3	2541
3	2821
3	2567
3	5406
3	2561
3	2563
3	4605
3	8068
3	2578
3	2584
3	3082
3	2610
3	4014
3	6311
3	2627
3	2626
3	1863
3	2640
3	3023
3	155
3	2702
3	5044
3	4552
3	4808
3	2717
3	2730
3	2734
3	2753
3	2757
3	2771
3	2769
3	2778
3	2824
3	2848
3	2861
3	2872
3	5387
3	2883
3	2919
3	2949
3	2953
3	2982
3	3003
3	3363
3	4031
3	4781
3	3974
3	6427
3	3037
3	3043
3	3052
3	3063
3	3096
3	3115
3	3119
3	3127
3	3153
3	3163
3	582
3	3183
3	3187
3	3202
3	3213
3	3220
3	3225
3	3239
3	3268
3	3273
3	4562
3	3275
3	3278
3	3302
3	3311
3	3318
3	3316
3	3332
3	3339
3	2668
3	3354
3	3359
3	3370
3	3397
3	3401
3	3437
3	3450
3	3271
3	4880
3	4188
3	6198
3	3468
3	3487
3	3524
3	3893
3	3386
3	3530
3	3532
3	3539
3	3542
3	3545
3	3553
3	3558
3	3566
3	3577
3	3581
3	3599
3	3606
3	1041
3	3619
3	3625
3	3630
3	3638
3	3639
3	2277
3	3488
3	3654
3	3656
3	3684
3	3689
3	3696
3	3701
3	3715
3	3727
3	3731
3	3754
3	688
3	3760
3	3766
3	3779
3	3783
3	3801
3	3815
3	3834
3	4620
3	3844
3	3848
3	3863
3	2467
3	3889
3	3901
3	3909
3	3922
3	3924
3	3943
3	3945
3	3952
3	3959
3	3966
3	5306
3	5364
3	6109
3	6130
3	3979
3	3991
3	4006
3	4019
3	2969
3	4779
3	4053
3	4062
3	4079
3	4075
3	4083
3	4090
3	4119
3	4121
3	4237
3	4128
3	4139
3	4147
3	4176
3	4187
3	4197
3	4203
3	5362
3	4225
3	4236
3	4246
3	4257
3	4277
3	4283
3	4285
3	4321
3	4333
3	4357
3	2028
3	4379
3	4414
3	4430
3	4460
3	4467
3	4486
3	5726
3	4492
3	4523
3	4554
3	4565
3	4569
3	4599
3	4603
3	4616
3	4619
3	4651
3	7927
3	4671
3	4696
3	4702
3	4711
3	4224
3	4675
3	4743
3	4749
3	4755
3	4789
3	4799
3	4803
3	4804
3	4805
3	4806
3	4807
3	4842
3	4847
3	4852
3	4801
3	4893
3	6088
3	6340
3	4916
3	4920
3	4933
3	5388
3	4960
3	4970
3	4975
3	4864
3	5393
3	5010
3	5039
3	5043
3	5052
3	5065
3	5086
3	2770
3	5112
3	5117
3	5124
3	5240
3	5173
3	7921
3	4100
3	456
3	4910
3	6803
3	6078
3	7913
3	5191
3	5197
3	5209
3	5221
3	5232
3	5249
3	5281
3	5286
3	5426
3	5299
3	5316
3	5329
3	5334
3	5346
3	5357
3	5367
3	5398
3	5401
3	5419
3	5436
3	7146
3	5461
3	5477
3	5499
3	5504
3	5517
3	5523
3	5536
3	5542
3	5550
3	5562
3	5578
3	5599
3	5830
3	5609
3	5627
3	5633
3	5652
3	6826
3	7359
3	5656
3	5688
3	5711
3	5733
3	5750
3	5752
3	5768
3	5786
3	4456
3	7735
3	5820
3	7690
3	5846
3	5852
3	5855
3	5866
3	5875
3	5890
3	5896
3	4927
3	5917
3	5934
3	5940
3	5964
3	5983
3	5990
3	6002
3	6025
3	6035
3	6042
3	6077
3	6100
3	6101
3	6120
3	6121
3	6180
3	6183
3	6199
3	6206
3	6240
3	6253
3	6275
3	6281
3	6288
3	6313
3	6324
3	4406
3	6724
3	6391
3	6406
3	6983
3	6423
3	6426
3	6453
3	6461
3	6487
3	6502
3	6517
3	7857
3	6536
3	6565
3	6602
3	6118
3	5943
3	6639
3	6641
3	6649
3	6656
3	6675
3	6687
3	6688
3	6689
3	6691
3	6690
3	6713
3	6757
3	6751
3	6766
3	6800
3	6802
3	6813
3	6824
3	6836
3	6845
3	6864
3	6213
3	6876
3	6885
3	6915
3	6912
3	6926
3	6940
3	6692
3	6969
3	6984
3	6999
3	7006
3	7013
3	7020
3	7031
3	7033
3	7032
3	1187
3	7070
3	7064
3	7087
3	7090
3	7099
3	7121
3	7123
3	7128
3	7138
3	7151
3	7160
3	7166
3	7179
3	7192
3	7205
3	7220
3	7227
3	7231
3	7260
3	7269
3	7278
3	7282
3	7286
3	7298
3	7309
3	7333
3	7345
3	7344
3	7382
3	7413
3	7417
3	7427
3	7441
3	7447
3	7455
3	7465
3	7466
3	7467
3	7502
3	7514
3	7525
3	7536
3	7563
3	7569
3	7570
3	7571
3	7572
3	7644
3	7677
3	7696
3	7704
3	6367
3	7729
3	7750
3	7760
3	7777
3	7800
3	7814
3	7822
3	7829
3	7843
3	7850
3	7864
3	7873
3	7877
3	7878
3	7885
3	7919
3	7920
3	7922
3	7923
3	7925
3	7960
3	7972
3	7973
3	8001
3	8012
3	8049
3	8060
3	8069
3	8081
3	8087
3	8094
3	8100
3	8111
3	8118
3	8140
3	8153
3	8166
3	8167
3	8182
3	8195
3	8205
3	8214
3	8251
3	8260
3	8270
4	392
4	390
4	370
4	427
4	394
4	1524
4	300
4	39
4	377
4	1787
4	2409
4	421
4	57
4	63
4	78
4	258
4	779
4	1718
4	92
4	109
4	6464
4	111
4	1513
4	129
4	359
4	6
4	1484
4	165
4	358
4	1222
4	176
4	820
4	1593
4	190
4	247
4	231
4	619
4	293
4	295
4	249
4	1518
4	983
4	1446
4	714
4	995
4	98
4	326
4	345
4	193
4	365
4	374
4	419
4	393
4	399
4	1662
4	2106
4	414
4	424
4	433
4	691
4	6376
4	511
4	1884
4	1144
4	595
4	593
4	596
4	594
4	617
4	618
4	260
4	649
4	793
4	651
4	703
4	709
4	711
4	713
4	1569
4	1241
4	1532
4	1657
4	811
4	812
4	819
4	821
4	818
4	1507
4	1485
4	916
4	921
4	933
4	1861
4	1652
4	2777
4	423
4	6496
4	1531
4	1321
4	1074
4	6123
4	712
4	2193
4	177
4	1179
4	1171
4	1198
4	954
4	781
4	1587
4	1229
4	1233
4	1235
4	1242
4	717
4	1819
4	1262
4	1264
4	1290
4	1299
4	1326
4	1339
4	1342
4	145
4	1533
4	3310
4	1564
4	1472
4	1430
4	4719
4	1438
4	45
4	1442
4	1444
4	1443
4	1445
4	1447
4	1628
4	1480
4	1481
4	1490
4	1619
4	1504
4	1510
4	1512
4	1523
4	1528
4	1535
4	1503
4	1558
4	1559
4	1563
4	1793
4	1582
4	1584
4	1590
4	1591
4	1605
4	285
4	1687
4	1651
4	1663
4	1682
4	1690
4	1692
4	1696
4	1715
4	1763
4	1764
4	1796
4	1359
4	1892
4	1894
4	1800
4	1913
4	1890
4	1933
4	1943
4	1993
4	2020
4	2026
4	2036
4	2052
4	2054
4	62
4	2093
4	2607
4	2104
4	2103
4	2105
4	822
4	2139
4	1331
4	2161
4	2163
4	2164
4	2285
4	2175
4	2187
4	2189
4	2197
4	2213
4	2218
4	2219
4	2261
4	2308
4	2310
4	2311
4	2312
4	2313
4	2315
4	2316
4	2317
4	2318
4	2321
4	2388
4	2389
4	6788
4	2448
4	2451
4	1150
4	2519
4	2521
4	2537
4	2543
4	2558
4	6930
4	2614
4	5533
4	2634
4	2641
4	3811
4	2656
4	2703
4	5323
4	6897
4	2709
4	2711
4	2755
4	2773
4	2776
4	2789
4	2807
4	2826
4	2857
4	2868
4	3854
4	2888
4	2892
4	2898
4	2921
4	2954
4	3011
4	6475
4	6670
4	4709
4	3078
4	4717
4	3094
4	3101
4	3107
4	2842
4	3429
4	3617
4	3908
4	3120
4	3159
4	5635
4	3203
4	3215
4	3221
4	3226
4	3233
4	212
4	3279
4	3303
4	3305
4	3341
4	3306
4	3409
4	3403
4	5375
4	3411
4	3412
4	3425
4	5273
4	4942
4	3367
4	1681
4	2390
4	3492
4	3495
4	3491
4	3499
4	3508
4	3582
4	6344
4	3596
4	1560
4	3618
4	3620
4	3632
4	3640
4	3939
4	3830
4	6576
4	3653
4	3659
4	3675
4	3685
4	3690
4	2067
4	3729
4	3750
4	3761
4	3780
4	2975
4	1988
4	3810
4	3836
4	3864
4	3878
4	3891
4	3904
4	3742
4	3911
4	3920
4	3928
4	3935
4	3953
4	6755
4	3981
4	3992
4	4007
4	4020
4	3850
4	4001
4	6739
4	4059
4	4091
4	1645
4	4105
4	4122
4	4132
4	4140
4	4148
4	4165
4	4177
4	4190
4	4198
4	4204
4	4209
4	4228
4	4243
4	4259
4	4274
4	4284
4	4306
4	4313
4	4324
4	4326
4	4358
4	4368
4	4395
4	4416
4	4434
4	3932
4	364
4	6528
4	4461
4	4469
4	4494
4	4491
4	4508
4	4524
4	4538
4	4542
4	4544
4	4543
4	6621
4	4607
4	4617
4	4629
4	4652
4	6474
4	4668
4	4674
4	4697
4	4703
4	4716
4	4737
4	4757
4	5514
4	1207
4	4760
4	4763
4	4793
4	4819
4	4826
4	4838
4	4843
4	4848
4	4863
4	4871
4	4887
4	4883
4	4898
4	5368
4	4935
4	4937
4	2855
4	4965
4	5000
4	5003
4	5017
4	6059
4	5087
4	2269
4	2270
4	2267
4	2268
4	5434
4	5122
4	2153
4	5127
4	5126
4	5160
4	8297
4	2905
4	5754
4	5972
4	5196
4	5213
4	2458
4	5218
4	5224
4	5238
4	5265
4	5283
4	5291
4	5320
4	5330
4	5342
4	5347
4	5358
4	5370
4	5371
4	5372
4	5373
4	5374
4	8038
4	5472
4	5480
4	5488
4	5490
4	5505
4	5518
4	4248
4	2493
4	5525
4	5530
4	1063
4	5532
4	5566
4	5579
4	6685
4	6723
4	5600
4	5610
4	5396
4	6027
4	5636
4	5653
4	6491
4	4786
4	5678
4	5679
4	5686
4	5695
4	5708
4	6529
4	5712
4	5735
4	5755
4	5769
4	4714
4	5771
4	6511
4	6809
4	5747
4	7434
4	5813
4	5207
4	6302
4	5821
4	5838
4	5856
4	5861
4	5868
4	5876
4	5895
4	5907
4	7909
4	5914
4	5919
4	5921
4	5941
4	5958
4	1554
4	5992
4	5999
4	6007
4	6013
4	4409
4	6016
4	6769
4	6039
4	6052
4	6056
4	6057
4	6058
4	6114
4	6135
4	6146
4	6158
4	6175
4	6179
4	6184
4	6200
4	6207
4	6214
4	6222
4	6223
4	6245
4	6254
4	7161
4	6276
4	6291
4	6301
4	6590
4	6325
4	5995
4	6871
4	6378
4	2518
4	6392
4	6394
4	6408
4	6429
4	6444
4	6454
4	6467
4	6479
4	6485
4	6488
4	6489
4	6490
4	6493
4	6504
4	6527
4	6545
4	6546
4	6568
4	7204
4	6574
4	6575
4	6578
4	6579
4	6580
4	6586
4	6581
4	6582
4	6583
4	6587
4	6584
4	6588
4	6585
4	5455
4	6608
4	6778
4	6684
4	6735
4	6738
4	6745
4	6749
4	6758
4	6760
4	6761
4	6764
4	6767
4	6787
4	6808
4	6807
4	6706
4	6896
4	6929
4	6316
4	7991
4	7049
4	7061
4	6041
4	6492
4	7154
4	7158
4	7167
4	7176
4	7193
4	7206
4	7221
4	5143
4	7235
4	7265
4	7271
4	7287
4	7299
4	7310
4	7330
4	7347
4	7352
4	7380
4	7170
4	7403
4	7404
4	7451
4	7456
4	7473
4	7470
4	7484
4	7503
4	7513
4	7527
4	7537
4	7150
4	7581
4	7602
4	7613
4	7625
4	7645
4	7678
4	7705
4	7717
4	7736
4	7751
4	7761
4	7636
4	7881
4	7779
4	7780
4	7782
4	7804
4	7815
4	7834
4	7844
4	7851
4	7865
4	7875
4	7372
4	7911
4	6070
4	6514
4	6515
4	6069
4	6513
4	7930
4	7934
4	7941
4	7950
4	7964
4	7974
4	7985
4	8005
4	8013
4	8052
4	8062
4	8070
4	8023
4	8089
4	8088
4	8101
4	8112
4	8119
4	8142
4	8155
4	8170
4	7472
4	8183
4	8196
4	8213
4	8238
4	8252
4	8261
4	8272
5	431
5	624
5	837
5	18
5	48
5	4389
5	1432
5	60
5	104
5	117
5	8285
5	270
5	307
5	1375
5	305
5	5897
5	331
5	342
5	344
5	362
5	368
5	375
5	1077
5	174
5	384
5	400
5	8284
5	1141
5	416
5	455
5	7957
5	461
5	472
5	476
5	480
5	481
5	477
5	536
5	515
5	551
5	548
5	561
5	568
5	576
5	597
5	134
5	625
5	2079
5	1372
5	2333
5	655
5	661
5	666
5	678
5	2736
5	1595
5	121
5	720
5	731
5	938
5	614
5	292
5	734
5	745
5	752
5	215
5	7214
5	774
5	1849
5	2241
5	554
5	6246
5	851
5	877
5	889
5	912
5	917
5	940
5	1192
5	949
5	950
5	961
5	984
5	521
5	992
5	1005
5	1016
5	1017
5	1019
5	1040
5	1046
5	1064
5	1811
5	1082
5	1083
5	1095
5	350
5	1099
5	1115
5	1135
5	1664
5	106
5	1084
5	787
5	1177
5	1090
5	1189
5	1209
5	1848
5	1212
5	1255
5	2570
5	1281
5	2956
5	1303
5	1311
5	1318
5	1329
5	1340
5	1349
5	559
5	1798
5	1411
5	1802
5	1354
5	4480
5	1373
5	1435
5	1610
5	1383
5	1406
5	1421
5	1434
5	4797
5	1452
5	1460
5	1791
5	1516
5	2580
5	836
5	1526
5	1707
5	1574
5	1599
5	1601
5	1602
5	2119
5	1609
5	1614
5	1630
5	1631
5	1644
5	1065
5	1683
5	2244
5	1704
5	2076
5	1708
5	1713
5	2499
5	1731
5	1741
5	83
5	1760
5	1762
5	1797
5	3266
5	1804
5	1806
5	1807
5	1809
5	1810
5	690
5	1833
5	1844
5	1845
5	1846
5	1852
5	1853
5	1866
5	1868
5	2205
5	1926
5	1938
5	1944
5	1766
5	1978
5	1794
5	2021
5	2027
5	2038
5	2475
5	2063
5	2081
5	2082
5	2435
5	2142
5	2156
5	2169
5	2181
5	2179
5	2180
5	2235
5	2239
5	2243
5	2242
5	5709
5	2262
5	2425
5	2280
5	2304
5	2305
5	3713
5	2330
5	1561
5	2331
5	2332
5	3319
5	3410
5	3556
5	2361
5	2362
5	2403
5	2404
5	2407
5	2424
5	2441
5	2445
5	2449
5	2453
5	2455
5	2460
5	2471
5	2061
5	565
5	2512
5	2514
5	2513
5	2355
5	2522
5	2538
5	2498
5	2469
5	2577
5	2586
5	2670
5	6279
5	2635
5	2642
5	4030
5	2663
5	2672
5	898
5	5891
5	2718
5	2731
5	2741
5	2762
5	2796
5	2808
5	1790
5	2823
5	2758
5	2849
5	2858
5	2869
5	2896
5	2464
5	2893
5	2901
5	2904
5	2906
5	2929
5	2930
5	2933
5	2952
5	2957
5	2998
5	3012
5	3880
5	3038
5	3048
5	3054
5	3066
5	2434
5	2961
5	2962
5	2960
5	3085
5	3091
5	3097
5	3111
5	3134
5	1102
5	3147
5	3154
5	3165
5	3184
5	3189
5	3196
5	3204
5	3214
5	1509
5	3229
5	3240
5	3241
5	3250
5	3269
5	3288
5	1529
5	3317
5	3342
5	3353
5	3356
5	3361
5	3377
5	3036
5	3592
5	3407
5	3440
5	3466
5	3510
5	3513
5	3526
5	3543
5	3550
5	4481
5	3578
5	3708
5	3593
5	3594
5	3621
5	3674
5	3676
5	3692
5	3832
5	3697
5	3711
5	3712
5	3744
5	3745
5	3679
5	3771
5	3781
5	3791
5	133
5	6762
5	3817
5	3837
5	3845
5	3881
5	3894
5	3905
5	3927
5	3929
5	3936
5	2695
5	3954
5	3963
5	4621
5	3987
5	3997
5	4008
5	4026
5	4082
5	4092
5	4108
5	4109
5	4125
5	4133
5	3865
5	4141
5	4149
5	4166
5	4184
5	4194
5	4412
5	4207
5	4205
5	4215
5	4232
5	4244
5	4249
5	4260
5	4278
5	4291
5	4314
5	4325
5	4334
5	4360
5	4371
5	4408
5	4427
5	4436
5	4445
5	4447
5	4452
5	2047
5	4473
5	525
5	4476
5	4478
5	4475
5	4479
5	4509
5	4526
5	4555
5	4561
5	4560
5	4602
5	4609
5	4618
5	4626
5	4655
5	4672
5	4669
5	4692
5	4698
5	4704
5	4720
5	4745
5	4750
5	5801
5	6680
5	4785
5	4800
5	4816
5	4821
5	4832
5	4991
5	4834
5	4839
5	4844
5	4849
5	4854
5	4869
5	4903
5	4906
5	4911
5	4917
5	4921
5	4936
5	5311
5	6010
5	5792
5	6661
5	4971
5	2346
5	4992
5	5001
5	5013
5	2875
5	6850
5	5019
5	5040
5	5071
5	5145
5	8277
5	5088
5	2676
5	5118
5	5125
5	2489
5	5135
5	8246
5	5757
5	1867
5	5837
5	5214
5	5242
5	5275
5	5277
5	5287
5	5294
5	5322
5	5333
5	5348
5	5264
5	5395
5	5405
5	5413
5	5414
5	6096
5	5438
5	5473
5	5332
5	5491
5	5507
5	5519
5	5537
5	5551
5	5567
5	5608
5	5782
5	5645
5	5674
5	5682
5	5698
5	5926
5	5717
5	4418
5	5748
5	5763
5	5770
5	8024
5	6777
5	5803
5	6756
5	5808
5	8058
5	5823
5	5833
5	5581
5	5583
5	5859
5	5873
5	5885
5	5888
5	5889
5	5923
5	5937
5	5944
5	5959
5	5984
5	5993
5	6014
5	6028
5	5978
5	6053
5	6073
5	6707
5	6108
5	6119
5	6141
5	6147
5	6160
5	6165
5	6185
5	6201
5	6191
5	6215
5	6244
5	6258
5	6259
5	6292
5	8139
5	6314
5	6326
5	6355
5	6298
5	6379
5	7215
5	6393
5	6410
5	6428
5	6448
5	6455
5	6470
5	6668
5	7799
5	6506
5	6519
5	6535
5	6539
5	6544
5	6573
5	6603
5	6636
5	6645
5	6650
5	7840
5	6657
5	6660
5	6695
5	6696
5	6727
5	6731
5	6752
5	6775
5	6793
5	6810
5	6818
5	6776
5	6837
5	6846
5	6847
5	6877
5	5410
5	6908
5	6921
5	5580
5	6927
5	6943
5	6960
5	6971
5	6985
5	7000
5	7007
5	7014
5	7022
5	7035
5	6093
5	5788
5	7100
5	7111
5	7122
5	7129
5	7126
5	7134
5	7153
5	7159
5	7172
5	7177
5	6889
5	8225
5	7198
5	7210
5	7211
5	7212
5	7241
5	7255
5	7270
5	7300
5	7326
5	7332
5	7348
5	7360
5	7383
5	7418
5	7428
5	7444
5	7452
5	7457
5	7474
5	4532
5	7485
5	7505
5	7518
5	7528
5	7549
5	7565
5	7585
5	7605
5	7609
5	7626
5	7660
5	7687
5	7706
5	7720
5	7737
5	7752
5	7762
5	7783
5	7801
5	7830
5	7836
5	7845
5	6638
5	7866
5	7883
5	7894
5	7869
5	6162
5	7929
5	7935
5	7942
5	7953
5	7966
5	7975
5	7993
5	8006
5	8014
5	8015
5	8063
5	8071
5	8084
5	8091
5	8095
5	8102
5	8106
5	8120
5	8144
5	8158
5	8171
5	8179
5	8187
5	8197
5	8215
5	8241
5	8253
5	8262
5	8273
6	4
6	5
6	8
6	168
6	301
6	2206
6	12
6	668
6	13
6	14
6	61
6	261
6	631
6	636
6	657
6	11
6	587
6	23
6	674
6	75
6	163
6	36
6	216
6	40
6	135
6	252
6	26
6	675
6	54
6	282
6	378
6	681
6	47
6	609
6	46
6	50
6	93
6	656
6	20
6	55
6	250
6	58
6	27
6	302
6	89
6	566
6	73
6	17
6	428
6	79
6	130
6	77
6	67
6	405
6	33
6	19
6	86
6	35
6	271
6	183
6	549
6	733
6	90
6	10
6	391
6	95
6	396
6	616
6	71
6	989
6	126
6	2754
6	132
6	144
6	1193
6	139
6	349
6	142
6	389
6	274
6	798
6	94
6	147
6	151
6	958
6	153
6	154
6	8282
6	51
6	157
6	173
6	25
6	80
6	611
6	49
6	1190
6	180
6	187
6	125
6	219
6	422
6	236
6	257
6	255
6	760
6	259
6	42
6	263
6	269
6	34
6	273
6	275
6	140
6	178
6	415
6	290
6	700
6	972
6	1538
6	304
6	322
6	312
6	868
6	1330
6	1966
6	313
6	659
6	315
6	866
6	878
6	1014
6	138
6	741
6	319
6	324
6	589
6	584
6	150
6	356
6	373
6	746
6	363
6	379
6	658
6	371
6	376
6	175
6	383
6	756
6	325
6	606
6	426
6	723
6	435
6	838
6	440
6	538
6	192
6	861
6	1835
6	254
6	677
6	9
6	243
6	1357
6	546
6	8290
6	556
6	560
6	564
6	567
6	152
6	590
6	21
6	1836
6	224
6	592
6	601
6	246
6	739
6	310
6	999
6	127
6	863
6	1123
6	647
6	645
6	650
6	667
6	664
6	639
6	719
6	673
6	895
6	684
6	686
6	334
6	743
6	439
6	226
6	704
6	932
6	706
6	232
6	707
6	710
6	803
6	715
6	1164
6	1633
6	725
6	730
6	66
6	136
6	748
6	742
6	697
6	637
6	1464
6	708
6	857
6	171
6	762
6	338
6	2128
6	893
6	696
6	849
6	930
6	1023
6	1080
6	789
6	791
6	794
6	795
6	805
6	817
6	1413
6	1927
6	600
6	826
6	1286
6	852
6	906
6	214
6	228
6	936
6	1053
6	298
6	871
6	1468
6	2062
6	881
6	885
6	904
6	38
6	227
6	945
6	887
6	24
6	946
6	947
6	918
6	341
6	223
6	299
6	844
6	956
6	960
6	966
6	971
6	128
6	977
6	761
6	626
6	429
6	722
6	1476
6	993
6	412
6	1638
6	996
6	407
6	1402
6	230
6	1396
6	182
6	1013
6	1165
6	1009
6	1156
6	3408
6	311
6	1029
6	1128
6	1131
6	1520
6	1556
6	1032
6	308
6	1218
6	911
6	1039
6	1038
6	545
6	644
6	1075
6	908
6	113
6	981
6	3136
6	982
6	1062
6	321
6	994
6	2400
6	317
6	1842
6	457
6	348
6	406
6	1847
6	588
6	74
6	1114
6	1125
6	1129
6	663
6	943
6	763
6	1394
6	1723
6	705
6	1007
6	1597
6	1142
6	1006
6	2345
6	1022
6	922
6	1573
6	810
6	1160
6	56
6	873
6	859
6	865
6	963
6	1514
6	870
6	1167
6	1186
6	1137
6	1200
6	1201
6	1202
6	1261
6	941
6	1221
6	41
6	1234
6	1758
6	1253
6	1259
6	853
6	1279
6	1284
6	1278
6	2774
6	2251
6	907
6	1418
6	1973
6	1319
6	1248
6	1350
6	1352
6	2157
6	1353
6	1203
6	1641
6	823
6	1374
6	1377
6	1382
6	1386
6	579
6	1285
6	1420
6	1752
6	1963
6	1184
6	2877
6	978
6	1441
6	1525
6	1439
6	1462
6	1034
6	1127
6	1471
6	1487
6	1482
6	1903
6	985
6	1497
6	1199
6	1501
6	937
6	1521
6	8291
6	1489
6	1768
6	1537
6	1547
6	1603
6	1816
6	28
6	2341
6	143
6	1555
6	1566
6	1774
6	1583
6	1492
6	1654
6	1103
6	1893
6	1594
6	1604
6	1987
6	1000
6	1615
6	1618
6	1953
6	1969
6	928
6	935
6	1658
6	1701
6	1859
6	1697
6	1428
6	1700
6	372
6	1717
6	1726
6	1732
6	280
6	3253
6	1733
6	1322
6	1746
6	1749
6	1756
6	1757
6	1767
6	332
6	1805
6	1772
6	1783
6	1808
6	1267
6	1035
6	2097
6	1230
6	1880
6	1211
6	1820
6	1534
6	1908
6	1296
6	665
6	1919
6	1965
6	1031
6	1855
6	1621
6	1380
6	1985
6	1991
6	1705
6	689
6	203
6	2071
6	1378
6	959
6	1888
6	2114
6	1384
6	2133
6	2240
6	2135
6	2151
6	2174
6	2665
6	1729
6	1734
6	2385
6	2233
6	2117
6	2246
6	59
6	2619
6	1648
6	1473
6	2354
6	1977
6	1236
6	2815
6	2210
6	2651
6	1964
6	2053
6	2856
6	2381
6	1385
6	2397
6	3473
6	2411
6	1012
6	2643
6	2456
6	633
6	1646
6	2473
6	2375
6	1360
6	1018
6	29
6	2801
6	2542
6	2504
6	2371
6	2579
6	2410
6	8292
6	1956
6	1918
6	2322
6	2559
6	2384
6	2255
6	1754
6	1151
6	166
6	1215
6	3130
6	3089
6	2625
6	4735
6	2599
6	2072
6	432
6	1335
6	3680
6	2618
6	1549
6	2576
6	769
6	2323
6	3005
6	5254
6	1679
6	3265
6	204
6	974
6	2225
6	1140
6	5459
6	2257
6	2727
6	2507
6	5484
6	1049
6	1055
6	3260
6	2102
6	1243
6	237
6	2768
6	2116
6	2790
6	765
6	1111
6	417
6	2834
6	2838
6	2470
6	3562
6	3755
6	2871
6	2814
6	2923
6	2585
6	2955
6	4191
6	2145
6	2958
6	2118
6	2968
6	306
6	4124
6	2517
6	2999
6	2256
6	1585
6	1291
6	2707
6	1133
6	4827
6	3027
6	3028
6	3032
6	3516
6	2289
6	3033
6	2472
6	2593
6	3084
6	2963
6	1592
6	1453
6	2594
6	1837
6	4256
6	3117
6	1980
6	2653
6	1814
6	3274
6	788
6	2398
6	3352
6	3059
6	2009
6	336
6	2669
6	2657
6	1823
6	766
6	3394
6	2654
6	2297
6	1506
6	4578
6	3443
6	759
6	2065
6	1608
6	3456
6	1037
6	3458
6	1166
6	2660
6	3026
6	2506
6	1706
6	1571
6	2909
6	8294
6	2485
6	2066
6	5288
6	3541
6	2746
6	2516
6	1307
6	3568
6	4011
6	2595
6	3024
6	2612
6	749
6	1688
6	3650
6	5714
6	3454
6	1522
6	465
6	3631
6	784
6	3607
6	4110
6	4463
6	3666
6	3034
6	4179
6	4510
6	1185
6	1622
6	2830
6	3796
6	7632
6	3180
6	3661
6	608
6	3843
6	2859
6	854
6	1864
6	2508
6	3956
6	3976
6	3439
6	4040
6	5178
6	3897
6	2696
6	2775
6	4424
6	3276
6	346
6	682
6	4099
6	5100
6	1922
6	634
6	2328
6	3192
6	4151
6	813
6	4212
6	1297
6	4071
6	2811
6	2549
6	5055
6	4103
6	4875
6	1984
6	4127
6	643
6	447
6	44
6	1496
6	4335
6	1680
6	3537
6	5210
6	15
6	3378
6	5079
6	1154
6	3007
6	87
6	4338
6	2273
6	3724
6	1542
6	5412
6	1990
6	3728
6	2237
6	3238
6	1210
6	1042
6	72
6	1661
6	2365
6	1358
6	695
6	6437
6	2535
6	339
6	1132
6	1637
6	4037
6	2160
6	2120
6	1026
6	103
6	1191
6	986
6	869
7	1788
7	488
7	750
7	864
7	2165
7	91
7	4896
7	118
7	942
7	1092
7	991
7	955
7	196
7	197
7	205
7	225
7	622
7	266
7	283
7	287
7	309
7	670
7	110
7	318
7	4954
7	330
7	839
7	613
7	351
7	386
7	381
7	418
7	436
7	441
7	444
7	446
7	453
7	489
7	493
7	504
7	527
7	529
7	329
7	5298
7	550
7	570
7	577
7	612
7	8288
7	635
7	638
7	642
7	652
7	669
7	692
7	1649
7	2426
7	934
7	5326
7	732
7	8134
7	735
7	897
7	4269
7	792
7	979
7	620
7	3822
7	4678
7	845
7	1416
7	862
7	882
7	919
7	927
7	929
7	980
7	8128
7	990
7	1047
7	764
7	1078
7	1086
7	1088
7	1096
7	1106
7	1110
7	1557
7	8289
7	1270
7	1143
7	1983
7	1172
7	1183
7	1195
7	1204
7	1224
7	1238
7	1256
7	1672
7	1292
7	1308
7	1312
7	1324
7	1327
7	1332
7	1341
7	2060
7	1361
7	1356
7	1362
7	1391
7	1392
7	1395
7	1399
7	1426
7	1431
7	1440
7	1454
7	1461
7	1467
7	6251
7	1483
7	2121
7	1536
7	1540
7	1541
7	1543
7	1545
7	771
7	1546
7	1576
7	1613
7	1530
7	1632
7	1639
7	1660
7	1668
7	1676
7	1685
7	2484
7	1761
7	1765
7	2182
7	1770
7	2798
7	1773
7	1785
7	1803
7	2629
7	1950
7	347
7	1838
7	1834
7	1862
7	1871
7	1881
7	1886
7	1895
7	1906
7	1945
7	1968
7	1975
7	1976
7	1928
7	1986
7	1994
7	1995
7	2000
7	2091
7	2015
7	2044
7	2045
7	2095
7	2084
7	2085
7	2086
7	2087
7	2088
7	2089
7	2090
7	2247
7	2092
7	2099
7	2109
7	2108
7	2112
7	3664
7	2152
7	2159
7	2183
7	2185
7	2184
7	2198
7	2199
7	2221
7	2222
7	968
7	2236
7	2238
7	4173
7	4181
7	2266
7	6055
7	2292
7	2296
7	2501
7	2351
7	2272
7	2368
7	2370
7	2376
7	2418
7	2429
7	2438
7	2442
7	2446
7	2450
7	2461
7	2491
7	2492
7	2494
7	2495
7	2546
7	2556
7	7673
7	2581
7	4078
7	2631
7	2636
7	2628
7	2664
7	208
7	2705
7	2715
7	2722
7	2733
7	2738
7	2766
7	1196
7	1194
7	2813
7	2827
7	2846
7	2850
7	4385
7	2860
7	2862
7	2864
7	2890
7	2894
7	2899
7	2908
7	2939
7	2948
7	7734
7	2970
7	3001
7	3004
7	3013
7	3016
7	7890
7	3041
7	3047
7	3060
7	3070
7	3081
7	3108
7	3123
7	3131
7	3138
7	3137
7	3156
7	3185
7	3198
7	3206
7	3210
7	3211
7	3230
7	3242
7	3246
7	3257
7	3264
7	3270
7	3312
7	3322
7	3344
7	3362
7	3035
7	3406
7	3441
7	4934
7	5162
7	7855
7	3471
7	2524
7	3515
7	3514
7	778
7	3531
7	3535
7	3544
7	3551
7	3564
7	3579
7	3583
7	3597
7	4171
7	1401
7	3647
7	3657
7	3677
7	3687
7	3698
7	3718
7	3735
7	3746
7	2196
7	3757
7	3763
7	3767
7	1914
7	3799
7	3802
7	3823
7	3841
7	3851
7	3872
7	3648
7	3895
7	3906
7	2749
7	2748
7	5588
7	3916
7	3930
7	3944
7	3955
7	3960
7	4303
7	3990
7	3998
7	4010
7	4034
7	662
7	6269
7	4042
7	4521
7	4057
7	4066
7	4080
7	4085
7	4086
7	4106
7	4126
7	4135
7	4143
7	4153
7	4155
7	4170
7	4180
7	4208
7	4210
7	4238
7	4241
7	4251
7	4267
7	4279
7	4304
7	4327
7	4336
7	4352
7	4362
7	4370
7	4404
7	4405
7	4428
7	4439
7	4444
7	4446
7	4449
7	4450
7	4462
7	4474
7	4477
7	4495
7	4497
7	4502
7	4540
7	4541
7	4564
7	4567
7	4575
7	4601
7	2841
7	4622
7	4627
7	4633
7	4644
7	4635
7	4667
7	4682
7	2496
7	4693
7	4705
7	1719
7	4742
7	4740
7	4751
7	4647
7	4794
7	4810
7	4823
7	6856
7	4857
7	4835
7	4840
7	4859
7	4850
7	4855
7	4872
7	5469
7	4904
7	4908
7	4912
7	4922
7	4952
7	4963
7	6083
7	4972
7	4978
7	5005
7	5018
7	5051
7	5081
7	5091
7	5105
7	5119
7	5136
7	5154
7	5158
7	5159
7	5161
7	5167
7	5163
7	5164
7	2011
7	5198
7	5216
7	5227
7	5244
7	6021
7	5267
7	5278
7	5284
7	5300
7	5324
7	5336
7	5343
7	5353
7	5360
7	5416
7	5422
7	5448
7	5483
7	5495
7	5508
7	5520
7	6111
7	6721
7	5544
7	5548
7	5554
7	5571
7	2782
7	5376
7	5587
7	5601
7	5607
7	5611
7	5622
7	5625
7	5644
7	5647
7	5670
7	2523
7	5703
7	5704
7	5707
7	5718
7	5744
7	5749
7	5764
7	1539
7	5789
7	7319
7	4443
7	7423
7	5834
7	5853
7	5864
7	7506
7	5877
7	5899
7	5911
7	5920
7	5938
7	5945
7	5960
7	5985
7	6791
7	5997
7	4924
7	6015
7	6033
7	6046
7	6060
7	6074
7	6089
7	6090
7	6129
7	6142
7	6150
7	6168
7	6196
7	6186
7	6202
7	6192
7	6224
7	6230
7	6242
7	6263
7	6273
7	6282
7	6293
7	6315
7	6339
7	6356
7	6380
7	6383
7	6399
7	6411
7	6430
7	6445
7	6456
7	6477
7	6497
7	6507
7	2037
7	6520
7	5032
7	6534
7	6541
7	6547
7	6598
7	6604
7	3193
7	6633
7	6646
7	6651
7	6609
7	6671
7	6677
7	6697
7	6703
7	6718
7	6728
7	6732
7	6753
7	6773
7	6794
7	6812
7	6819
7	6828
7	6841
7	6852
7	8226
7	6878
7	6895
7	6909
7	6922
7	6947
7	6961
7	6974
7	6990
7	7001
7	7008
7	7015
7	7025
7	7036
7	2059
7	8043
7	7048
7	7030
7	7071
7	7590
7	7084
7	7089
7	7103
7	7112
7	7124
7	7136
7	7140
7	7155
7	7163
7	7173
7	7183
7	7194
7	7195
7	7223
7	7230
7	7232
7	7236
7	7266
7	7283
7	7293
7	7302
7	7320
7	7335
7	7349
7	7363
7	7321
7	7419
7	7429
7	6139
7	7453
7	7458
7	7468
7	7480
7	7486
7	7509
7	7376
7	7531
7	7545
7	7576
7	7595
7	5910
7	7616
7	7630
7	7663
7	7684
7	7686
7	7715
7	7721
7	7732
7	7753
7	7767
7	7770
7	7789
7	7805
7	7812
7	7837
7	7848
7	7854
7	4886
7	7884
7	7886
7	7887
7	7888
7	7889
7	7853
7	7937
7	7944
7	7954
7	7968
7	7976
7	7998
7	8009
7	8021
7	8020
7	8027
7	8028
7	8064
7	8072
7	8085
7	8092
7	8096
7	8108
7	8114
7	8126
7	8135
7	8138
7	8136
7	8137
7	8189
7	8199
7	8216
7	8242
7	8244
7	8254
7	8264
8	1043
8	6965
8	402
8	1168
8	4058
8	65
8	76
8	88
8	82
8	4231
8	119
8	120
8	2685
8	198
8	206
8	221
8	242
8	234
8	238
8	264
8	276
8	802
8	288
8	251
8	397
8	401
8	408
8	409
8	410
8	6890
8	494
8	513
8	8293
8	540
8	578
8	591
8	598
8	4384
8	621
8	1992
8	721
8	1771
8	4531
8	767
8	736
8	782
8	5392
8	799
8	800
8	404
8	2575
8	5592
8	841
8	2966
8	3014
8	879
8	948
8	4953
8	1247
8	1081
8	1089
8	2721
8	1101
8	1120
8	4359
8	727
8	3104
8	2828
8	3483
8	1173
8	1188
8	1225
8	1244
8	8249
8	1268
8	1293
8	314
8	2805
8	1336
8	1369
8	1381
8	1397
8	1400
8	1419
8	944
8	1448
8	1455
8	1463
8	1423
8	2843
8	2604
8	4323
8	3251
8	1588
8	2794
8	1500
8	1589
8	2137
8	1617
8	1623
8	1642
8	1655
8	5239
8	1665
8	1670
8	1684
8	2922
8	2946
8	1721
8	1735
8	1740
8	1742
8	1743
8	2720
8	1882
8	1897
8	1907
8	1916
8	1917
8	1921
8	1929
8	1934
8	1951
8	2012
8	2014
8	2030
8	2751
8	2125
8	403
8	1653
8	2136
8	2144
8	2170
8	2177
8	1011
8	2212
8	744
8	2230
8	2646
8	2254
8	3465
8	2278
8	2298
8	2309
8	2319
8	2320
8	3645
8	1744
8	4117
8	3446
8	2294
8	3080
8	7143
8	2417
8	2427
8	2993
8	4814
8	2387
8	2488
8	2509
8	2340
8	2534
8	2536
8	2529
8	1775
8	2548
8	899
8	2555
8	698
8	2569
8	2573
8	2574
8	2598
8	2603
8	1748
8	5713
8	5817
8	2630
8	2129
8	2671
8	2673
8	2675
8	2682
8	2683
8	2684
8	2605
8	2692
8	3549
8	3635
8	2698
8	2740
8	122
8	3776
8	2752
8	2990
8	2786
8	2788
8	2791
8	2792
8	2803
8	3623
8	2880
8	4264
8	4299
8	2840
8	3452
8	2979
8	2832
8	2557
8	2797
8	2608
8	2879
8	2881
8	2882
8	2884
8	4653
8	2944
8	2945
8	2965
8	2787
8	2989
8	2992
8	2995
8	3000
8	3875
8	4822
8	3039
8	3044
8	3053
8	3071
8	3075
8	3285
8	3102
8	3110
8	2217
8	3149
8	3158
8	3166
8	3168
8	3112
8	3174
8	3176
8	3199
8	3207
8	3321
8	3216
8	3218
8	3228
8	3231
8	3244
8	3245
8	3259
8	2624
8	3294
8	3296
8	3304
8	3323
8	3326
8	3333
8	3340
8	3374
8	3385
8	3388
8	3671
8	3914
8	4783
8	3398
8	3402
8	3256
8	4631
8	3422
8	3423
8	3416
8	3424
8	3418
8	3426
8	3451
8	2568
8	3448
8	3464
8	4311
8	5033
8	4583
8	4815
8	2935
8	3462
8	3493
8	3490
8	3494
8	3427
8	3496
8	3497
8	3835
8	3172
8	4349
8	2844
8	3591
8	3590
8	3601
8	3610
8	3611
8	3999
8	804
8	4265
8	4332
8	4550
8	4466
8	3686
8	3700
8	3702
8	3703
8	3704
8	3705
8	3706
8	3707
8	3725
8	4403
8	3774
8	3777
8	4413
8	5253
8	1789
8	3798
8	4049
8	398
8	4588
8	3839
8	3855
8	3869
8	3883
8	3902
8	3917
8	4977
8	2480
8	3961
8	3965
8	4645
8	7833
8	4684
8	3977
8	3983
8	4025
8	4028
8	3445
8	4780
8	2737
8	4639
8	4048
8	4056
8	4070
8	2926
8	2113
8	4068
8	4074
8	4116
8	4216
8	4254
8	4150
8	5115
8	4152
8	4159
8	4169
8	4178
8	4214
8	4217
8	4220
8	4250
8	4273
8	4295
8	4296
8	4307
8	4312
8	4316
8	4345
8	4346
8	4340
8	4343
8	4344
8	4348
8	4351
8	4363
8	4375
8	4378
8	4380
8	4381
8	4382
8	4402
8	4027
8	4397
8	4399
8	4393
8	4394
8	4322
8	4396
8	4317
8	4426
8	4431
8	4433
8	4440
8	4613
8	4442
8	4454
8	4987
8	4458
8	6080
8	4511
8	4533
8	3472
8	4535
8	4586
8	4778
8	4594
8	4595
8	4596
8	4597
8	4612
8	4615
8	4638
8	4640
8	5351
8	5569
8	4660
8	4721
8	2609
8	4723
8	4728
8	4727
8	4759
8	4782
8	4710
8	4853
8	4890
8	4900
8	4901
8	5663
8	4979
8	4897
8	5011
8	5035
8	5036
8	5060
8	5089
8	5665
8	6532
8	6938
8	5050
8	5142
8	5151
8	5152
8	5153
8	5363
8	2793
8	5174
8	6628
8	5181
8	5184
8	5471
8	5192
8	5217
8	5228
8	5241
8	5243
8	5260
8	5250
8	5252
8	5251
8	5305
8	5296
8	5312
8	5313
8	5355
8	5354
8	5361
8	5381
8	5390
8	5418
8	5428
8	5431
8	6920
8	5474
8	5570
8	5456
8	5494
8	5496
8	5462
8	5497
8	5552
8	5572
8	5577
8	6686
8	5377
8	5589
8	5602
8	5613
8	5628
8	5646
8	5657
8	5658
8	5659
8	5660
8	5661
8	5662
8	5765
8	5781
8	5797
8	7583
8	3775
8	5194
8	5842
8	5840
8	5841
8	2833
8	5878
8	5590
8	5892
8	5924
8	5942
8	5952
8	5981
8	5986
8	3989
8	8275
8	6017
8	6030
8	6034
8	6048
8	6061
8	6075
8	6079
8	6091
8	6116
8	6128
8	6143
8	6152
8	6169
8	6840
8	6197
8	6187
8	6203
8	6208
8	6228
8	6247
8	6264
8	6286
8	6294
8	6319
8	6348
8	6371
8	6381
8	6387
8	6395
8	6412
8	6431
8	850
8	6459
8	6478
8	6500
8	6508
8	6521
8	4882
8	4881
8	4282
8	6577
8	6607
8	4218
8	1010
8	6617
8	6643
8	6647
8	6652
8	6672
8	6678
8	6698
8	6710
8	5067
8	6611
8	3315
8	6779
8	6795
8	6811
8	5269
8	6829
8	6842
8	6854
8	6867
8	6880
8	6899
8	2415
8	6928
8	6954
8	6962
8	6975
8	6995
8	7002
8	7009
8	7016
8	7024
8	7027
8	7037
8	7065
8	7079
8	8033
8	7096
8	7113
8	7117
8	7130
8	7135
8	6986
8	7142
8	7174
8	7184
8	7189
8	7197
8	7217
8	7226
8	7273
8	7107
8	7239
8	7267
8	7284
8	5949
8	7305
8	7327
8	7336
8	7353
8	7371
8	7199
8	7401
8	7420
8	7426
8	4889
8	7448
8	7181
8	7459
8	7469
8	7481
8	7487
8	7471
8	7522
8	7538
8	7546
8	7577
8	7597
8	7608
8	7617
8	7629
8	7664
8	7698
8	7716
8	7724
8	7741
8	7756
8	7771
8	7790
8	7802
8	7831
8	7841
8	7849
8	7856
8	7867
8	7891
8	7903
8	7914
8	7932
8	7938
8	7945
8	7955
8	7969
8	7978
8	7999
8	8010
8	8035
8	8054
8	8065
8	8074
8	8075
8	8076
8	8098
8	8103
8	8115
8	8131
8	8145
8	8159
8	8172
8	8184
8	7861
8	8202
8	8221
8	8243
8	8248
8	8229
8	7637
8	8150
8	8274
9	1716
9	1250
9	3717
9	84
9	114
9	137
9	149
9	159
9	201
9	209
9	806
9	267
9	240
9	241
9	289
9	303
9	1240
9	323
9	337
9	355
9	353
9	366
9	382
9	437
9	451
9	450
9	6149
9	458
9	497
9	499
9	445
9	541
9	544
9	552
9	553
9	571
9	575
9	585
9	599
9	605
9	495
9	632
9	1061
9	1689
9	753
9	1971
9	775
9	780
9	783
9	807
9	2202
9	53
9	6592
9	843
9	847
9	880
9	886
9	890
9	900
9	903
9	910
9	914
9	951
9	962
9	976
9	188
9	1600
9	1045
9	1048
9	1050
9	1044
9	1070
9	1071
9	1072
9	1315
9	1107
9	4400
9	4831
9	5045
9	6226
9	1068
9	1145
9	1146
9	1148
9	1174
9	343
9	1223
9	1226
9	1237
9	1245
9	1257
9	1486
9	1294
9	1295
9	1298
9	1301
9	1302
9	1304
9	1306
9	1314
9	1333
9	1343
9	1366
9	1379
9	1390
9	1427
9	2007
9	1449
9	1456
9	1465
9	1474
9	920
9	1517
9	2423
9	4646
9	1553
9	1152
9	1606
9	1636
9	1627
9	1643
9	1656
9	1666
9	1686
9	1695
9	1709
9	1724
9	1725
9	1728
9	1738
9	1745
9	1782
9	679
9	6462
9	1822
9	1826
9	1828
9	2101
9	1839
9	2253
9	1896
9	8237
9	1909
9	1924
9	1930
9	1939
9	1948
9	1958
9	1959
9	1996
9	2005
9	2008
9	2017
9	2023
9	2031
9	2049
9	2064
9	2069
9	2100
9	2781
9	2126
9	2132
9	2143
9	2148
9	2378
9	2188
9	2190
9	2200
9	2201
9	2041
9	2650
9	2259
9	2283
9	2286
9	2288
9	2291
9	2265
9	2295
9	2300
9	2301
9	2302
9	2342
9	2343
9	2357
9	2363
9	3237
9	2380
9	2396
9	2401
9	2402
9	1323
9	2414
9	2419
9	2462
9	2478
9	2482
9	2515
9	2520
9	2526
9	2540
9	2115
9	3867
9	2582
9	2596
9	5693
9	2606
9	2611
9	2615
9	2632
9	2637
9	2645
9	2644
9	2649
9	4471
9	4650
9	2691
9	2723
9	2739
9	2772
9	2779
9	3980
9	5793
9	2835
9	2845
9	2847
9	2852
9	4183
9	2866
9	2863
9	2865
9	2876
9	2886
9	2887
9	2891
9	2895
9	2903
9	2916
9	2931
9	2780
9	2885
9	5732
9	2978
9	2986
9	2987
9	3017
9	4876
9	3049
9	3061
9	3074
9	3076
9	3083
9	3087
9	3093
9	3098
9	8227
9	3124
9	3132
9	3146
9	3151
9	3160
9	3167
9	2352
9	3175
9	3197
9	3217
9	3222
9	3232
9	3247
9	3263
9	3261
9	3272
9	3298
9	3282
9	3325
9	4547
9	3357
9	3368
9	3382
9	3383
9	3389
9	3395
9	3399
9	3405
9	3434
9	3438
9	222
9	4235
9	3040
9	1320
9	1498
9	3475
9	3482
9	3500
9	3504
9	3511
9	3518
9	3536
9	3540
9	3552
9	3565
9	7708
9	3584
9	3589
9	3598
9	3602
9	3603
9	2985
9	3651
9	4648
9	6543
9	3663
9	4272
9	3673
9	3688
9	5271
9	3693
9	3694
9	3709
9	3730
9	3751
9	3758
9	3765
9	3782
9	1952
9	1989
9	3795
9	99
9	3824
9	3840
9	3858
9	3876
9	3882
9	3896
9	3907
9	3918
9	3931
9	3947
9	3964
9	3984
9	3986
9	4000
9	4016
9	4035
9	4038
9	3109
9	1004
9	4809
9	3797
9	4067
9	2420
9	4089
9	4107
9	4130
9	4136
9	4145
9	4154
9	4167
9	4168
9	3819
9	4200
9	4206
9	4213
9	4093
9	4242
9	4252
9	4677
9	4275
9	4280
9	4305
9	4318
9	4328
9	4337
9	4354
9	4372
9	4377
9	4423
9	4429
9	4438
9	4457
9	4464
9	4470
9	3655
9	4490
9	4504
9	4498
9	4946
9	4566
9	4577
9	4581
9	4592
9	4593
9	1961
9	4623
9	4630
9	2917
9	4636
9	4641
9	4649
9	4658
9	5623
9	4659
9	4663
9	4681
9	4366
9	4694
9	4699
9	4707
9	2621
9	5075
9	4733
9	4738
9	4744
9	4754
9	4787
9	4817
9	5310
9	4830
9	4836
9	4858
9	4860
9	4861
9	4856
9	4866
9	4891
9	4905
9	4913
9	4918
9	5120
9	4945
9	4950
9	4951
9	6257
9	2068
9	4985
9	4995
9	5006
9	5009
9	5046
9	2386
9	5062
9	5063
9	5077
9	5084
9	5095
9	2728
9	5097
9	5109
9	5128
9	5138
9	4096
9	4097
9	5740
9	3747
9	7653
9	5183
9	5190
9	5481
9	5202
9	5219
9	5225
9	5276
9	5282
9	5314
9	5328
9	5344
9	4591
9	5365
9	5380
9	5385
9	5386
9	5429
9	5440
9	5447
9	5476
9	5486
9	5489
9	5516
9	5522
9	3978
9	5528
9	5549
9	5555
9	5573
9	2783
9	5594
9	5603
9	5615
9	5778
9	5629
9	5648
9	7316
9	5675
9	5685
9	5689
9	5690
9	5720
9	5729
9	5730
9	5731
9	5150
9	5666
9	5774
9	5785
9	5810
9	6987
9	5836
9	5854
9	5139
9	5883
9	5070
9	5909
9	5935
9	5939
9	5962
9	5982
9	5987
9	5668
9	5967
9	6005
9	6018
9	6031
9	6036
9	6050
9	6062
9	6081
9	6092
9	6112
9	6127
9	6144
9	6153
9	6177
9	6181
9	388
9	6190
9	6193
9	6220
9	6232
9	6248
9	6265
9	6700
9	2412
9	6287
9	6297
9	6312
9	6317
9	6349
9	6374
9	5965
9	6396
9	6413
9	6439
9	6446
9	6466
9	6480
9	6495
9	6509
9	6460
9	8019
9	6548
9	6550
9	6612
9	7765
9	6614
9	6630
9	6644
9	6655
9	6653
9	6673
9	6679
9	6701
9	6711
9	6717
9	6729
9	5247
9	6744
9	6781
9	6797
9	6815
9	6821
9	6834
9	6843
9	6861
9	6862
9	6705
9	6881
9	6905
9	6910
9	6935
9	6959
9	6963
9	6978
9	6998
9	7003
9	1674
9	7010
9	7017
9	7028
9	7041
9	7045
9	7797
9	7095
9	7109
9	7114
9	7125
9	7137
9	7145
9	7156
9	7164
9	7175
9	7187
9	7203
9	7219
9	7228
9	7498
9	7240
9	7268
9	7285
9	7296
9	7171
9	7281
9	7337
9	7354
9	7374
9	7392
9	7402
9	7424
9	7430
9	7445
9	7180
9	7461
9	7476
9	7482
9	7494
9	7495
9	7523
9	7540
9	7550
9	8165
9	7599
9	7610
9	7619
9	7639
9	7601
9	7986
9	7650
9	7728
9	7742
9	7758
9	7773
9	7792
9	7806
9	7826
9	7827
9	7828
9	6709
9	7754
9	7868
9	7892
9	7904
9	7915
9	6067
9	6768
9	7933
9	7939
9	7948
9	7956
9	7967
9	7980
9	8000
9	8011
9	8041
9	8048
9	8061
9	8066
9	8080
9	8086
9	8093
9	8099
9	8104
9	8109
9	8133
9	8146
9	8157
9	8173
9	8180
9	8193
9	8203
9	8232
9	8236
9	8255
9	8265
