0	3
0	4
0	5
0	6
0	7
0	8
0	9
0	10
2	11
0	12
0	13
0	14
8	15
1	16
0	17
0	18
0	19
0	20
0	21
0	22
0	23
2	24
0	25
0	26
0	27
0	28
0	29
0	30
0	31
0	32
0	33
0	34
1	35
1	36
0	37
0	38
0	39
0	40
0	41
0	42
0	43
2	44
0	45
0	46
0	47
0	48
0	49
0	50
0	51
0	52
3	53
0	54
0	55
0	56
0	57
0	58
0	59
2	60
0	61
0	62
0	63
2	64
0	65
0	66
0	67
9	68
0	71
0	72
0	73
1	74
0	75
0	76
0	77
0	78
0	79
0	80
0	81
0	82
0	83
0	84
0	85
0	86
1	87
0	88
0	89
0	90
0	91
0	92
0	93
0	94
0	95
0	96
0	98
5	99
0	100
0	101
0	102
0	103
0	104
0	105
0	106
0	107
0	108
8	109
1	110
0	111
0	112
0	113
0	114
0	115
0	116
0	117
0	118
0	119
0	120
0	121
3	122
0	123
0	124
1	125
0	126
3	127
2	128
0	129
0	130
0	132
0	133
0	134
0	135
8	136
0	137
0	138
0	139
0	140
0	141
0	142
1	143
0	144
1	145
1	146
1	147
1	149
0	150
1	151
0	152
0	153
0	154
5	155
0	156
1	157
0	158
0	159
0	160
1	161
0	162
0	163
0	164
0	165
0	166
0	167
0	168
0	169
1	171
4	172
2	173
0	174
0	175
1	176
0	177
0	178
0	179
0	180
0	181
0	182
0	183
4	185
0	187
0	188
0	189
0	190
2	191
0	192
0	193
0	194
0	195
0	196
0	197
0	198
1	199
0	200
1	201
0	202
2	203
3	204
0	205
0	206
0	207
0	208
1	209
0	210
0	211
4	212
3	213
0	214
2	215
0	216
0	217
0	218
0	219
0	221
9	222
0	223
0	224
0	225
0	226
1	227
0	228
2	230
0	231
0	232
0	233
0	234
0	235
0	236
0	237
0	238
0	239
1	240
0	241
0	242
0	243
0	244
0	245
0	246
0	247
0	248
1	249
0	250
0	251
0	252
0	253
1	254
0	255
0	256
0	257
0	258
1	259
0	260
0	261
1	263
0	264
0	265
2	266
0	267
0	268
0	269
2	270
0	271
0	273
0	274
0	275
0	276
0	277
0	280
0	282
0	283
0	284
2	285
0	286
0	287
0	288
0	289
2	290
7	291
0	292
0	293
0	294
0	295
0	296
0	297
2	298
0	299
0	300
0	301
0	302
0	303
1	304
0	305
1	306
0	307
1	308
0	309
1	310
1	311
1	312
1	313
2	314
1	315
2	316
1	317
0	318
1	319
0	320
1	321
0	322
0	323
1	324
0	325
0	326
1	327
0	328
0	329
0	330
0	331
2	332
0	333
1	334
6	335
0	336
0	337
1	338
0	339
1	340
1	341
0	342
0	343
0	344
0	345
3	346
2	347
0	348
0	349
4	350
0	351
0	352
0	353
0	355
0	356
0	357
0	358
0	359
0	362
0	363
0	364
0	365
0	366
0	367
0	368
0	369
0	370
1	371
2	372
0	373
0	374
0	375
1	376
0	377
0	378
0	379
0	381
0	382
0	383
0	384
0	386
1	387
8	388
0	389
0	390
0	391
0	392
0	393
0	394
5	395
0	396
0	397
8	398
0	399
0	400
0	401
0	402
4	403
2	404
0	405
0	406
1	407
0	408
0	409
0	410
0	411
1	412
0	413
0	414
0	415
0	416
3	417
0	418
0	419
0	421
0	422
0	423
1	424
4	425
0	426
0	427
0	428
0	429
0	430
0	431
1	432
0	433
6	434
0	435
0	436
0	437
0	438
0	439
0	440
0	441
0	443
0	444
0	445
0	446
1	447
0	448
0	449
0	450
0	451
0	453
0	454
0	455
1	456
8	457
0	458
0	460
0	461
0	462
0	463
3	465
0	467
0	468
2	469
0	472
0	473
0	476
0	477
0	479
0	480
0	481
0	486
1	488
0	489
0	490
0	492
0	493
0	494
0	495
0	497
0	498
0	499
0	501
0	502
0	504
2	506
2	507
0	509
0	511
0	513
0	514
0	515
0	516
0	517
0	519
0	520
0	521
0	522
0	523
0	524
9	525
0	527
0	528
0	529
0	530
0	531
3	532
0	534
0	536
0	538
0	539
0	540
0	541
0	542
0	543
0	544
1	545
2	546
0	547
0	548
0	549
0	550
0	551
0	552
1	553
2	554
0	555
1	556
0	557
0	558
2	559
0	560
0	561
0	562
0	563
0	564
2	565
0	566
0	567
0	568
0	569
0	570
0	571
2	572
0	573
0	574
2	575
0	576
0	577
0	578
1	579
5	580
0	581
7	582
0	583
0	584
1	585
0	586
1	587
2	588
0	589
0	590
0	591
0	592
0	593
0	594
0	595
0	596
0	597
1	598
1	599
1	600
1	601
0	602
0	604
0	605
0	606
0	607
3	608
0	609
0	610
0	611
0	612
0	613
0	614
0	615
0	616
0	617
1	618
0	619
0	620
0	621
0	622
0	624
0	625
1	626
0	627
0	628
0	631
0	632
1	633
1	634
1	635
0	636
1	637
0	638
1	639
0	640
0	641
0	642
1	643
1	644
0	645
1	646
1	647
0	648
1	649
1	650
0	651
0	652
1	653
0	654
0	655
0	656
0	657
0	658
0	659
0	661
0	662
1	663
0	664
0	665
0	666
0	667
0	668
0	669
0	670
0	672
0	673
1	674
0	675
0	676
0	677
0	678
0	679
0	681
1	682
0	683
0	684
1	686
0	687
0	688
2	689
1	690
1	691
0	692
0	693
0	694
3	695
1	696
1	697
3	698
1	699
0	700
7	701
1	703
1	704
1	705
1	706
1	707
1	708
1	709
1	710
1	711
2	712
1	713
1	714
1	715
1	716
1	717
1	718
0	719
1	720
1	721
4	722
0	723
0	724
0	725
0	726
0	727
1	728
0	729
1	730
0	731
0	732
0	733
0	734
0	735
0	736
8	737
0	738
0	739
0	741
1	742
0	743
4	744
0	745
0	746
0	748
1	749
0	750
0	751
0	752
0	753
0	754
0	755
0	756
0	758
1	759
0	760
2	761
1	762
2	763
2	764
4	765
9	766
1	767
1	768
1	769
1	770
1	771
1	772
0	773
0	774
0	775
0	776
1	778
0	779
1	780
2	781
0	782
1	783
3	784
1	785
1	786
2	787
1	788
1	789
1	791
0	792
0	793
1	794
1	795
1	796
1	797
0	798
0	799
0	800
0	801
0	802
1	803
2	804
1	805
1	806
1	807
0	808
1	810
1	811
1	812
3	813
1	814
0	815
1	816
1	817
4	818
4	819
2	820
4	821
4	822
1	823
0	824
3	825
4	826
3	827
0	829
2	830
2	831
1	832
0	835
2	836
0	837
1	838
1	839
6	840
4	841
1	842
1	843
1	844
1	845
1	847
1	848
1	849
1	850
1	851
1	852
1	853
4	854
1	855
3	856
1	857
2	859
1	860
1	861
1	862
1	863
1	864
1	865
1	866
1	867
1	868
1	869
1	870
1	871
2	872
2	873
0	874
0	875
1	876
1	877
1	878
3	879
1	880
1	881
1	882
1	883
1	885
1	886
1	887
1	888
1	889
1	890
1	891
1	892
1	893
1	895
9	896
1	897
1	898
4	899
1	900
7	902
1	903
2	904
0	905
1	906
1	907
2	908
6	909
0	910
1	911
1	912
2	913
1	914
1	915
1	916
0	917
1	918
0	919
1	920
1	921
1	922
0	923
0	924
1	926
1	927
1	928
1	929
1	930
0	931
1	932
1	933
1	934
2	935
1	936
1	937
1	938
1	940
1	941
0	942
1	943
4	944
1	945
2	946
2	947
1	948
2	949
9	950
1	951
1	954
1	955
1	956
1	957
1	958
1	959
1	960
2	961
1	962
1	963
1	964
1	965
1	966
5	967
4	968
1	969
1	970
1	971
1	972
1	973
3	974
2	975
1	976
1	977
1	978
1	979
1	980
1	981
1	982
1	983
1	984
1	985
1	986
1	987
3	988
1	989
1	990
1	991
1	992
2	993
1	994
1	995
4	996
1	998
1	999
2	1000
1	1001
1	1002
2	1003
9	1004
1	1005
1	1006
1	1007
8	1008
1	1009
8	1010
2	1011
4	1012
1	1013
1	1014
2	1016
2	1017
2	1018
2	1019
1	1020
1	1021
1	1022
1	1023
4	1024
1	1025
1	1026
1	1027
1	1028
1	1029
1	1030
2	1031
1	1032
1	1033
1	1034
2	1035
2	1037
1	1038
1	1039
1	1040
9	1041
4	1042
1	1043
1	1044
1	1045
1	1046
1	1047
1	1048
4	1049
2	1050
4	1051
1	1052
1	1053
1	1055
1	1058
0	1059
1	1060
2	1061
1	1062
1	1063
7	1064
1	1065
0	1066
0	1067
1	1068
1	1070
1	1071
1	1072
8	1074
1	1075
0	1077
1	1078
0	1079
0	1080
0	1081
4	1082
0	1083
0	1084
1	1085
1	1086
1	1087
1	1088
2	1089
1	1090
1	1092
0	1093
0	1094
2	1095
0	1096
4	1097
4	1098
2	1099
3	1100
0	1101
2	1102
2	1103
0	1104
0	1105
0	1106
0	1107
0	1108
0	1109
0	1110
2	1111
0	1112
7	1113
1	1114
1	1115
1	1120
1	1123
2	1124
1	1125
0	1126
2	1127
1	1128
1	1129
1	1130
1	1131
7	1132
9	1133
1	1134
2	1135
2	1137
1	1138
1	1139
1	1140
1	1141
1	1142
4	1143
1	1144
1	1145
1	1146
4	1147
1	1148
2	1150
2	1151
1	1152
4	1154
1	1155
1	1156
3	1157
1	1158
9	1159
1	1160
1	1161
2	1164
2	1165
3	1166
1	1167
2	1168
4	1169
1	1170
1	1171
1	1172
1	1173
1	1174
1	1175
1	1176
1	1177
1	1178
7	1179
1	1180
1	1181
1	1182
4	1183
7	1184
7	1185
1	1186
1	1187
1	1188
1	1189
1	1190
5	1191
1	1192
1	1193
1	1194
1	1195
1	1196
1	1197
4	1198
1	1199
4	1200
1	1201
2	1202
1	1203
1	1204
1	1205
1	1206
1	1207
1	1208
1	1209
2	1210
2	1211
4	1212
1	1213
1	1214
2	1215
1	1216
1	1218
1	1219
1	1220
1	1221
1	1222
1	1223
1	1224
1	1225
1	1226
1	1227
7	1228
1	1229
2	1230
1	1231
1	1232
1	1233
1	1234
1	1235
2	1236
1	1237
1	1238
3	1239
1	1240
1	1241
1	1242
2	1243
1	1244
1	1245
1	1246
9	1247
1	1248
4	1250
1	1252
2	1253
1	1254
1	1255
1	1256
1	1257
1	1258
1	1259
1	1260
2	1261
1	1262
1	1264
1	1266
4	1267
1	1268
1	1269
1	1270
4	1271
1	1272
1	1273
1	1274
1	1275
1	1276
1	1277
1	1278
1	1279
4	1280
2	1281
4	1282
2	1284
2	1285
1	1286
1	1287
1	1290
4	1291
1	1292
1	1293
1	1294
1	1295
1	1296
3	1297
1	1298
2	1299
0	1300
1	1301
1	1302
1	1303
1	1304
3	1305
1	1306
3	1307
1	1308
1	1309
9	1310
1	1311
1	1312
1	1313
1	1314
4	1315
2	1316
1	1317
1	1318
2	1319
1	1320
0	1321
1	1322
2	1323
1	1324
0	1325
1	1326
0	1327
0	1328
0	1329
1	1330
1	1331
1	1332
1	1333
1	1334
2	1335
0	1336
1	1337
1	1338
2	1339
0	1340
0	1341
0	1342
4	1343
1	1344
1	1345
1	1346
1	1349
2	1350
1	1351
2	1352
2	1353
1	1354
1	1355
1	1356
4	1357
1	1358
6	1359
7	1360
1	1361
1	1362
1	1365
1	1366
3	1367
7	1368
1	1369
1	1370
1	1372
1	1373
5	1374
1	1375
1	1376
1	1377
2	1378
1	1379
1	1380
2	1381
1	1382
4	1383
4	1384
7	1385
2	1386
1	1387
4	1388
1	1389
2	1390
1	1391
1	1392
4	1393
1	1394
2	1395
1	1396
1	1397
1	1398
1	1399
4	1400
1	1401
1	1402
6	1403
1	1404
1	1405
1	1406
2	1407
1	1408
1	1409
1	1410
2	1411
1	1412
1	1413
4	1416
1	1418
4	1419
1	1420
1	1421
1	1422
1	1423
1	1424
1	1425
1	1426
1	1427
2	1428
1	1429
1	1430
1	1431
1	1432
2	1433
1	1434
1	1435
1	1436
4	1437
1	1438
1	1439
1	1440
2	1441
2	1442
1	1443
2	1444
1	1445
1	1446
1	1447
2	1448
2	1449
2	1450
2	1451
3	1452
3	1453
1	1454
1	1455
1	1456
7	1457
1	1458
1	1459
1	1460
1	1461
2	1462
4	1463
1	1464
1	1465
1	1466
1	1467
1	1468
1	1469
2	1470
1	1471
1	1472
2	1473
1	1474
1	1476
1	1478
2	1480
1	1481
2	1482
2	1483
1	1484
1	1485
1	1486
2	1487
7	1488
2	1489
1	1490
2	1492
8	1493
1	1494
2	1495
2	1496
1	1497
5	1498
1	1499
4	1500
2	1501
1	1502
1	1503
4	1504
2	1505
1	1506
1	1507
3	1509
1	1510
1	1511
1	1512
1	1513
2	1514
2	1515
2	1516
2	1517
1	1518
1	1519
2	1520
2	1521
3	1522
1	1523
1	1524
2	1525
1	1526
1	1527
1	1528
1	1529
2	1530
1	1531
1	1532
2	1533
2	1534
7	1535
2	1536
3	1537
2	1538
6	1539
1	1540
1	1541
9	1542
1	1543
1	1545
1	1546
2	1547
9	1548
2	1549
3	1550
1	1551
2	1552
2	1553
1	1554
2	1555
1	1556
1	1557
1	1558
1	1559
4	1560
2	1561
1	1563
2	1564
2	1565
2	1566
1	1568
1	1569
2	1570
2	1571
1	1572
1	1573
7	1574
7	1575
1	1576
1	1578
1	1579
1	1580
1	1581
2	1582
4	1583
1	1584
2	1585
1	1587
1	1588
1	1589
1	1590
1	1591
4	1592
1	1593
2	1594
1	1595
4	1596
1	1597
1	1599
1	1600
1	1601
1	1602
1	1603
7	1604
2	1605
1	1606
1	1607
2	1608
1	1609
2	1610
4	1611
5	1612
2	1613
2	1614
2	1615
1	1616
2	1617
2	1618
2	1619
2	1620
2	1621
2	1622
2	1623
2	1625
2	1626
2	1627
2	1628
2	1629
4	1630
2	1631
4	1632
4	1633
1	1634
1	1635
1	1636
4	1637
1	1638
7	1639
2	1641
2	1642
2	1643
2	1644
1	1645
4	1646
7	1647
9	1648
2	1649
1	1650
1	1651
1	1652
4	1653
1	1654
1	1655
1	1656
2	1657
2	1658
2	1659
2	1660
2	1661
2	1662
2	1663
1	1664
1	1665
1	1666
9	1667
2	1668
2	1669
2	1670
2	1671
2	1672
4	1674
2	1675
1	1676
1	1677
2	1678
4	1679
9	1680
2	1681
2	1682
2	1683
4	1684
2	1685
2	1686
1	1687
7	1688
2	1689
4	1690
4	1691
2	1692
2	1693
2	1694
2	1695
2	1696
2	1697
2	1698
2	1699
2	1700
2	1701
2	1703
2	1704
4	1705
3	1706
2	1707
2	1708
2	1709
2	1710
2	1711
2	1712
2	1713
2	1714
1	1715
2	1716
2	1717
1	1718
2	1719
6	1720
2	1721
2	1722
2	1723
2	1724
2	1725
2	1726
2	1728
3	1729
2	1730
2	1731
2	1732
9	1733
2	1734
1	1735
1	1736
8	1737
2	1738
1	1739
1	1740
4	1741
2	1742
2	1743
3	1744
2	1745
2	1746
2	1747
3	1748
2	1749
3	1751
2	1752
2	1753
4	1754
2	1755
2	1756
2	1757
2	1758
2	1759
2	1760
2	1761
8	1762
1	1763
2	1764
2	1765
2	1766
3	1767
2	1768
4	1769
2	1770
2	1771
2	1772
1	1773
1	1774
3	1775
3	1777
2	1778
2	1780
4	1781
4	1782
2	1783
2	1784
2	1785
2	1787
2	1788
2	1789
4	1790
2	1791
4	1792
2	1793
4	1794
3	1795
8	1796
2	1797
2	1798
9	1799
2	1800
2	1802
2	1803
2	1804
2	1805
2	1806
7	1807
2	1808
2	1809
2	1810
2	1811
2	1812
3	1813
4	1814
2	1816
2	1819
4	1820
4	1821
2	1822
8	1823
2	1825
2	1826
4	1827
2	1828
2	1829
2	1830
2	1831
2	1832
2	1833
2	1834
4	1835
2	1836
4	1837
2	1838
2	1839
2	1840
2	1841
2	1842
2	1844
2	1845
2	1846
2	1847
2	1848
2	1849
2	1852
2	1853
2	1855
2	1856
2	1857
2	1858
2	1859
2	1860
1	1861
1	1862
2	1863
1	1864
5	1865
1	1866
2	1867
2	1868
2	1869
2	1870
2	1871
2	1872
2	1873
7	1874
4	1875
2	1876
6	1879
2	1880
2	1881
2	1882
2	1883
1	1884
3	1885
2	1886
2	1887
2	1888
2	1889
2	1890
4	1891
2	1892
2	1893
2	1894
2	1895
2	1896
2	1897
2	1899
2	1900
2	1901
2	1902
2	1903
2	1905
2	1906
2	1907
2	1908
2	1909
2	1911
2	1912
2	1913
2	1914
3	1915
2	1916
2	1917
2	1918
2	1919
2	1920
2	1921
4	1922
2	1923
6	1924
2	1925
2	1926
2	1927
2	1928
2	1929
2	1930
2	1931
2	1932
2	1933
2	1934
3	1935
7	1937
2	1938
2	1939
4	1940
2	1941
4	1943
1	1944
1	1945
2	1946
3	1947
2	1948
1	1950
3	1951
2	1952
2	1953
2	1955
2	1956
2	1958
2	1959
2	1960
7	1961
2	1962
2	1963
2	1964
2	1965
2	1966
3	1967
0	1968
2	1969
4	1970
0	1971
3	1972
2	1973
2	1975
2	1976
2	1977
2	1978
2	1979
2	1980
2	1981
5	1982
2	1983
7	1984
2	1985
2	1986
2	1987
2	1988
2	1989
3	1990
4	1991
2	1992
2	1993
2	1994
2	1995
2	1996
2	1997
2	2000
9	2001
2	2002
3	2003
2	2004
0	2005
2	2007
0	2008
4	2009
5	2010
7	2011
0	2012
0	2013
7	2014
0	2015
3	2016
0	2017
0	2018
0	2019
0	2020
0	2021
0	2023
0	2024
0	2025
0	2026
0	2027
3	2028
0	2029
0	2030
0	2031
0	2032
0	2033
0	2034
0	2035
0	2036
8	2037
2	2038
0	2040
1	2041
0	2042
0	2044
0	2045
7	2047
2	2049
2	2050
2	2051
2	2052
4	2053
2	2054
2	2055
2	2056
2	2057
2	2058
4	2059
2	2060
4	2061
2	2062
2	2063
7	2064
3	2065
3	2066
5	2067
2	2068
2	2069
2	2070
2	2071
2	2072
2	2073
2	2076
4	2077
2	2079
2	2081
2	2082
2	2083
2	2084
2	2085
2	2086
2	2087
2	2088
2	2089
2	2090
2	2091
2	2092
4	2093
0	2094
2	2095
8	2096
2	2097
2	2099
2	2100
2	2101
4	2102
2	2103
2	2104
2	2105
2	2106
4	2108
3	2109
1	2110
7	2111
2	2112
4	2113
3	2114
4	2115
4	2116
4	2117
4	2118
2	2119
4	2120
2	2121
2	2125
2	2126
4	2127
2	2128
3	2129
2	2130
2	2131
2	2132
4	2133
3	2134
4	2135
2	2136
2	2137
2	2138
2	2139
2	2141
1	2142
2	2143
3	2144
3	2145
2	2146
2	2147
2	2148
2	2149
2	2150
2	2151
2	2152
4	2153
2	2155
2	2156
2	2157
2	2159
8	2160
2	2161
2	2163
2	2164
2	2165
2	2167
2	2168
2	2169
2	2170
4	2171
4	2172
2	2173
4	2174
2	2175
4	2176
4	2177
2	2178
2	2179
2	2180
2	2181
2	2182
2	2183
2	2184
2	2185
4	2186
2	2187
8	2188
2	2189
2	2190
2	2191
6	2192
2	2193
2	2194
2	2195
2	2196
2	2197
2	2198
2	2199
2	2200
2	2201
2	2202
2	2203
4	2204
2	2205
4	2206
3	2209
3	2210
2	2211
2	2212
2	2213
2	2214
2	2215
2	2216
7	2217
2	2218
2	2219
2	2221
2	2222
5	2223
4	2224
4	2225
2	2226
4	2227
4	2228
4	2229
4	2230
4	2231
4	2232
2	2233
4	2234
2	2235
4	2236
3	2237
2	2238
2	2239
2	2240
2	2241
2	2242
2	2243
2	2244
2	2246
2	2247
6	2249
2	2250
4	2251
3	2252
2	2253
2	2254
2	2255
4	2256
3	2257
9	2258
2	2259
2	2260
2	2261
2	2262
4	2264
2	2265
1	2266
8	2267
8	2268
8	2269
8	2270
4	2272
8	2273
4	2274
9	2276
9	2277
7	2278
1	2280
2	2281
2	2282
2	2283
6	2285
2	2286
2	2287
3	2288
3	2289
3	2290
2	2291
2	2292
2	2293
4	2294
2	2295
0	2296
3	2297
3	2298
3	2299
2	2300
2	2301
2	2302
6	2304
6	2305
2	2306
3	2307
6	2308
7	2309
6	2310
6	2311
6	2312
6	2313
6	2314
6	2315
6	2316
6	2317
6	2318
6	2319
6	2320
6	2321
2	2322
3	2323
3	2324
3	2325
3	2326
3	2328
2	2329
2	2330
8	2331
4	2332
2	2333
2	2334
2	2335
2	2336
2	2337
3	2338
2	2339
4	2340
2	2341
6	2342
4	2343
2	2344
2	2345
4	2346
2	2348
4	2349
2	2350
2	2351
2	2352
2	2353
7	2354
1	2355
3	2356
2	2357
4	2359
2	2360
2	2361
2	2362
4	2363
9	2364
3	2365
4	2366
4	2367
3	2368
9	2369
4	2370
4	2371
2	2372
4	2373
2	2374
4	2375
8	2376
2	2378
3	2379
2	2380
9	2381
7	2382
3	2384
2	2385
2	2386
9	2387
2	2388
2	2389
2	2390
2	2391
2	2392
4	2393
2	2394
2	2395
2	2396
2	2397
4	2398
2	2399
2	2400
2	2401
2	2402
2	2403
2	2404
2	2405
2	2406
2	2407
2	2409
4	2410
3	2411
2	2412
2	2413
2	2414
6	2415
4	2416
2	2417
2	2418
4	2419
4	2420
2	2422
4	2423
1	2424
1	2425
4	2426
4	2427
2	2428
2	2429
8	2433
4	2434
4	2435
0	2437
0	2438
0	2439
8	2440
0	2441
0	2442
0	2443
0	2444
0	2445
0	2446
0	2447
0	2448
0	2449
0	2450
0	2451
5	2452
0	2453
0	2454
0	2455
7	2456
0	2457
6	2458
0	2459
0	2460
0	2461
2	2462
0	2463
0	2464
0	2465
0	2466
0	2467
4	2469
0	2470
2	2471
4	2472
4	2473
4	2474
2	2475
4	2476
2	2477
4	2478
2	2479
9	2480
5	2481
4	2482
4	2484
3	2485
2	2487
4	2488
2	2489
2	2490
2	2491
2	2492
8	2493
2	2494
2	2495
7	2496
4	2497
6	2498
7	2499
4	2500
4	2501
4	2502
4	2503
2	2504
4	2505
3	2506
4	2507
3	2508
4	2509
3	2510
6	2511
2	2512
2	2513
2	2514
2	2515
9	2516
2	2517
6	2518
1	2519
1	2520
1	2521
1	2522
4	2523
7	2524
1	2526
4	2527
1	2528
1	2529
1	2530
4	2531
1	2534
3	2535
1	2536
1	2537
1	2538
1	2540
4	2541
3	2542
2	2543
3	2544
8	2545
4	2546
4	2547
4	2548
9	2549
4	2550
2	2551
7	2552
4	2555
2	2556
4	2557
4	2558
3	2559
3	2560
4	2561
8	2562
4	2563
3	2564
3	2565
3	2566
2	2567
7	2568
4	2569
4	2570
4	2571
4	2572
4	2573
4	2574
4	2575
4	2576
2	2577
4	2578
4	2579
2	2580
4	2581
4	2582
4	2583
4	2584
3	2585
4	2586
4	2587
4	2589
4	2591
9	2592
4	2593
4	2594
3	2595
4	2596
3	2597
4	2598
4	2599
2	2603
2	2604
9	2605
4	2606
4	2607
4	2608
4	2609
4	2610
4	2611
3	2612
3	2613
4	2614
4	2615
4	2616
4	2617
4	2618
3	2619
8	2620
8	2621
3	2623
4	2624
4	2625
2	2626
2	2627
2	2628
4	2629
4	2630
4	2631
4	2632
2	2633
2	2634
2	2635
2	2636
2	2637
4	2638
2	2639
2	2640
2	2641
2	2642
2	2643
4	2644
4	2645
4	2646
4	2647
4	2648
4	2649
4	2650
3	2651
3	2652
3	2653
3	2654
3	2655
3	2656
3	2657
5	2658
3	2659
3	2660
4	2661
4	2662
4	2663
4	2664
4	2665
9	2667
4	2668
4	2669
4	2670
4	2671
4	2672
4	2673
3	2674
2	2675
4	2676
6	2677
3	2678
2	2679
8	2680
2	2682
4	2683
2	2684
2	2685
3	2686
3	2687
3	2688
9	2689
4	2690
4	2691
4	2692
3	2693
4	2694
3	2695
7	2696
3	2697
3	2698
3	2699
3	2700
4	2701
9	2702
4	2703
4	2704
4	2705
3	2706
4	2707
4	2708
2	2709
3	2711
3	2713
4	2715
4	2716
4	2717
4	2718
3	2719
4	2720
4	2721
4	2722
4	2723
4	2724
4	2725
3	2727
2	2728
1	2729
1	2730
1	2731
4	2733
1	2734
4	2736
7	2737
6	2738
7	2739
4	2740
4	2741
9	2744
3	2746
3	2747
4	2748
4	2749
4	2751
4	2752
4	2753
4	2754
2	2755
4	2757
4	2758
2	2759
7	2760
2	2761
1	2762
2	2763
9	2764
9	2765
4	2766
4	2767
4	2768
4	2769
4	2770
4	2771
4	2772
4	2773
9	2774
9	2775
4	2776
4	2777
4	2778
4	2779
4	2780
4	2781
4	2782
4	2783
4	2784
4	2785
7	2786
7	2787
4	2788
4	2789
3	2790
4	2791
4	2792
4	2793
4	2794
4	2796
4	2797
2	2798
3	2799
4	2801
7	2802
4	2803
3	2804
4	2805
4	2807
4	2808
4	2809
7	2811
4	2813
4	2814
4	2815
4	2817
4	2818
3	2819
4	2821
9	2822
4	2823
4	2824
4	2825
4	2826
4	2827
4	2828
4	2830
9	2831
7	2832
4	2833
4	2834
7	2835
3	2838
6	2839
4	2840
0	2841
3	2842
1	2843
4	2844
2	2845
2	2846
2	2847
2	2848
2	2849
2	2850
6	2851
2	2852
2	2853
8	2855
4	2856
4	2857
4	2858
3	2859
0	2860
0	2861
4	2862
4	2863
0	2864
0	2865
4	2866
0	2867
0	2868
0	2869
0	2870
3	2871
3	2872
4	2875
4	2876
4	2877
4	2879
4	2880
4	2881
4	2882
9	2883
4	2884
4	2885
0	2886
0	2887
0	2888
9	2889
0	2890
0	2891
0	2892
0	2893
0	2894
0	2895
0	2896
4	2898
4	2899
3	2900
4	2901
4	2902
7	2903
4	2904
8	2905
7	2906
7	2907
8	2908
9	2909
7	2910
4	2912
4	2913
8	2914
4	2916
7	2917
4	2918
4	2919
4	2921
4	2922
3	2923
4	2924
9	2925
4	2926
4	2928
4	2929
4	2930
7	2931
3	2932
4	2933
7	2935
4	2936
2	2938
4	2939
3	2940
3	2941
4	2944
4	2945
4	2946
4	2947
4	2948
4	2949
4	2950
4	2951
4	2952
4	2953
4	2954
4	2955
1	2956
2	2957
3	2958
4	2960
4	2961
4	2962
4	2963
3	2964
4	2965
4	2966
3	2967
4	2968
7	2969
9	2970
9	2971
9	2972
3	2973
3	2974
3	2975
3	2976
4	2977
4	2978
4	2979
3	2980
3	2981
4	2982
5	2983
4	2985
4	2986
4	2987
7	2988
4	2989
4	2990
4	2991
4	2992
4	2993
4	2994
4	2995
4	2996
4	2998
4	2999
8	3000
4	3001
9	3002
4	3003
8	3004
3	3005
4	3006
3	3007
4	3008
3	3009
3	3010
4	3011
4	3012
4	3013
3	3014
9	3015
4	3016
4	3017
4	3018
4	3019
4	3020
3	3021
4	3022
4	3023
3	3024
2	3025
3	3026
9	3027
3	3028
4	3029
4	3030
3	3031
3	3032
4	3033
3	3034
7	3035
3	3036
4	3037
4	3038
3	3039
4	3040
4	3041
4	3042
4	3043
4	3044
4	3046
4	3047
4	3048
4	3049
4	3050
4	3051
4	3052
4	3053
4	3054
3	3055
4	3056
7	3057
3	3059
4	3060
4	3061
4	3062
4	3063
2	3066
4	3068
4	3070
4	3071
4	3072
7	3073
4	3074
4	3075
4	3076
4	3077
4	3078
4	3080
4	3081
4	3082
4	3083
3	3084
4	3085
7	3086
7	3087
5	3088
9	3089
6	3090
4	3091
9	3092
4	3093
4	3094
4	3095
4	3096
4	3097
4	3098
4	3099
2	3101
4	3102
9	3103
4	3104
4	3105
9	3106
3	3107
4	3108
7	3109
9	3110
2	3111
3	3112
3	3113
3	3114
4	3115
3	3117
4	3118
4	3119
4	3120
4	3123
4	3124
7	3125
4	3126
4	3127
4	3128
4	3129
4	3130
2	3131
4	3132
2	3133
2	3134
2	3135
2	3136
4	3137
4	3138
3	3140
5	3142
4	3143
3	3144
4	3145
4	3146
4	3147
3	3148
4	3149
4	3150
4	3151
4	3152
4	3153
4	3154
4	3155
4	3156
4	3158
4	3159
4	3160
4	3162
4	3163
4	3164
4	3165
4	3166
4	3167
3	3168
1	3169
4	3171
3	3172
7	3173
4	3174
3	3175
7	3176
3	3180
2	3181
3	3182
3	3183
3	3184
7	3185
3	3186
3	3187
3	3188
3	3189
4	3190
9	3191
3	3192
4	3193
6	3194
6	3195
3	3196
4	3197
4	3198
3	3199
3	3200
4	3201
4	3202
4	3203
4	3204
2	3205
4	3206
4	3207
7	3208
4	3209
6	3210
4	3211
3	3212
3	3213
3	3214
0	3215
7	3216
0	3217
3	3218
3	3219
0	3220
3	3221
0	3222
3	3223
0	3224
4	3225
4	3226
8	3227
4	3228
3	3229
3	3230
3	3231
3	3232
6	3233
3	3234
3	3235
4	3237
5	3238
3	3239
4	3240
4	3241
4	3242
4	3243
6	3244
6	3245
1	3246
6	3247
1	3248
1	3249
4	3250
4	3251
3	3252
4	3253
4	3255
3	3256
4	3257
3	3258
4	3259
3	3260
4	3261
3	3262
4	3263
4	3264
4	3265
4	3266
4	3267
4	3268
4	3269
4	3270
7	3271
4	3272
4	3273
9	3274
4	3275
3	3276
4	3277
4	3278
4	3279
4	3280
4	3281
7	3282
3	3284
4	3285
4	3288
3	3290
3	3291
4	3292
5	3293
4	3294
4	3296
5	3297
3	3298
3	3299
4	3300
3	3301
3	3302
3	3303
3	3304
7	3305
3	3306
3	3307
7	3309
5	3310
4	3311
3	3312
3	3313
3	3314
7	3315
4	3316
3	3317
3	3318
3	3319
3	3320
7	3321
3	3322
3	3323
3	3324
1	3325
7	3326
4	3331
4	3332
4	3333
7	3334
4	3335
4	3338
4	3339
7	3340
4	3341
4	3342
3	3343
4	3344
8	3345
6	3346
3	3348
3	3349
3	3350
3	3351
3	3352
4	3353
8	3354
6	3355
3	3356
3	3357
3	3358
3	3359
3	3360
3	3361
3	3362
4	3363
7	3366
4	3367
4	3368
4	3369
4	3370
3	3371
3	3373
7	3374
3	3375
3	3376
3	3377
7	3378
4	3379
3	3380
6	3381
3	3382
3	3383
4	3384
3	3385
4	3386
4	3388
4	3389
9	3390
4	3391
3	3392
9	3393
3	3394
4	3395
4	3396
4	3397
4	3398
4	3399
4	3400
4	3401
3	3402
4	3403
3	3404
4	3405
4	3406
4	3407
4	3408
4	3409
4	3410
2	3411
2	3412
3	3416
9	3417
3	3418
3	3422
3	3423
3	3424
9	3425
3	3426
3	3427
4	3429
7	3433
3	3434
3	3435
4	3436
4	3437
4	3438
3	3439
4	3440
4	3441
3	3443
4	3444
4	3445
3	3446
9	3447
7	3448
9	3449
7	3450
3	3451
9	3452
9	3453
3	3454
7	3455
9	3456
7	3457
3	3458
9	3459
9	3460
7	3461
7	3462
7	3463
7	3464
1	3465
7	3466
3	3467
3	3468
3	3469
3	3470
6	3471
7	3472
3	3473
3	3475
3	3477
9	3478
3	3479
3	3480
3	3481
3	3482
3	3483
4	3486
3	3487
3	3488
3	3489
7	3490
6	3491
6	3492
3	3493
3	3494
6	3495
7	3496
3	3497
9	3498
6	3499
3	3500
1	3504
3	3506
7	3508
3	3509
4	3510
4	3511
3	3512
4	3513
4	3514
3	3515
3	3516
3	3518
3	3519
3	3520
3	3521
9	3522
3	3523
3	3524
3	3525
4	3526
3	3527
3	3528
3	3529
7	3530
3	3531
3	3532
8	3535
3	3536
3	3537
3	3538
3	3539
3	3540
3	3541
7	3542
3	3543
3	3544
5	3545
4	3547
3	3548
3	3549
3	3550
3	3551
3	3552
3	3553
9	3554
3	3555
3	3556
7	3557
3	3558
7	3560
9	3561
3	3562
8	3563
3	3564
7	3565
7	3566
3	3567
3	3568
3	3569
6	3571
3	3576
3	3577
3	3578
3	3579
3	3580
3	3581
3	3582
3	3583
3	3584
8	3585
9	3586
3	3587
3	3589
3	3590
3	3591
3	3592
6	3593
2	3594
7	3595
7	3596
3	3597
7	3598
7	3599
7	3600
7	3601
6	3602
7	3603
4	3604
3	3605
3	3606
7	3607
3	3609
3	3610
3	3611
4	3613
9	3614
3	3615
4	3616
3	3617
3	3618
3	3619
3	3620
3	3621
3	3622
4	3623
3	3624
3	3625
4	3628
4	3629
4	3630
3	3631
3	3632
3	3633
9	3634
3	3635
7	3636
1	3637
3	3638
7	3639
3	3640
9	3641
8	3642
9	3643
3	3645
3	3646
3	3647
1	3648
3	3649
3	3650
2	3651
2	3652
3	3653
3	3654
3	3655
7	3656
3	3657
9	3658
3	3659
3	3660
3	3661
5	3662
3	3663
9	3664
5	3665
9	3666
3	3667
4	3668
4	3669
3	3670
3	3671
4	3673
7	3674
3	3675
3	3676
7	3677
3	3678
9	3679
3	3680
3	3681
3	3682
6	3683
3	3684
7	3685
7	3686
3	3687
7	3688
3	3689
3	3690
9	3691
0	3692
3	3693
3	3694
3	3695
3	3696
3	3697
3	3698
4	3700
4	3701
4	3702
4	3703
4	3704
2	3705
4	3706
4	3707
3	3708
3	3709
3	3711
3	3712
3	3713
3	3714
3	3715
3	3717
3	3718
3	3719
3	3720
6	3722
1	3723
3	3724
3	3725
6	3726
7	3727
9	3728
7	3729
0	3730
3	3731
7	3733
2	3735
3	3737
9	3742
7	3743
3	3744
3	3745
3	3746
7	3747
7	3748
6	3749
3	3750
8	3751
5	3752
3	3753
3	3754
1	3755
3	3757
3	3758
3	3759
3	3760
0	3761
3	3762
9	3763
6	3764
4	3765
7	3766
7	3767
3	3769
6	3770
7	3771
7	3772
3	3774
3	3775
3	3776
7	3777
4	3779
3	3780
1	3781
1	3782
7	3783
3	3784
3	3785
9	3786
9	3787
5	3788
3	3791
8	3792
9	3794
9	3795
9	3796
9	3797
3	3798
3	3799
3	3800
3	3801
3	3802
3	3803
3	3804
3	3805
3	3806
3	3807
7	3808
6	3809
2	3810
2	3811
3	3812
3	3813
3	3814
3	3815
3	3816
3	3817
3	3819
3	3821
3	3822
7	3823
3	3824
3	3825
4	3827
3	3829
8	3830
3	3832
3	3833
3	3834
7	3835
3	3836
3	3837
4	3839
4	3840
4	3841
8	3842
3	3843
3	3844
9	3845
3	3847
7	3848
7	3849
3	3850
4	3851
9	3854
3	3855
3	3856
3	3858
3	3862
2	3863
3	3864
3	3865
3	3867
7	3869
7	3870
7	3871
7	3872
9	3873
3	3875
6	3876
9	3877
3	3878
4	3880
9	3881
3	3882
3	3883
6	3885
3	3886
3	3887
3	3888
9	3889
9	3890
3	3891
3	3892
3	3893
3	3894
3	3895
3	3896
9	3897
3	3898
8	3900
3	3901
7	3902
3	3903
3	3904
3	3905
7	3906
3	3907
7	3908
3	3909
9	3910
7	3911
3	3912
3	3914
9	3916
3	3917
7	3918
8	3919
4	3920
3	3921
3	3922
3	3923
3	3924
5	3925
3	3926
3	3927
3	3928
7	3929
7	3930
3	3931
8	3932
3	3933
3	3935
3	3936
3	3937
4	3939
3	3941
3	3942
3	3943
3	3944
7	3945
3	3946
3	3947
3	3948
3	3949
3	3952
3	3953
3	3954
3	3955
3	3956
7	3957
7	3958
0	3959
9	3960
3	3961
5	3962
3	3963
3	3964
7	3965
3	3966
3	3967
2	3968
7	3969
2	3970
3	3971
3	3973
0	3974
9	3976
3	3977
8	3978
3	3979
3	3980
0	3981
9	3982
7	3983
6	3984
3	3985
0	3986
0	3987
0	3989
0	3990
3	3991
7	3992
9	3995
3	3997
3	3998
3	3999
3	4000
7	4001
3	4005
0	4006
3	4007
7	4008
6	4009
3	4010
3	4011
3	4012
3	4013
4	4014
8	4015
3	4016
3	4019
3	4020
3	4021
6	4023
3	4024
2	4025
3	4026
7	4027
3	4028
3	4030
3	4031
2	4034
3	4035
9	4036
6	4037
3	4038
3	4039
7	4040
9	4041
3	4042
3	4043
7	4044
9	4045
6	4046
7	4047
4	4048
4	4049
3	4050
3	4051
7	4053
3	4055
7	4056
3	4057
1	4058
4	4059
3	4061
7	4062
9	4063
3	4064
3	4065
3	4066
3	4067
9	4068
3	4069
9	4070
5	4071
7	4072
9	4073
3	4074
3	4075
3	4076
9	4077
4	4078
3	4079
4	4080
9	4082
3	4083
3	4085
3	4086
3	4088
7	4089
8	4090
8	4091
8	4092
3	4093
7	4095
7	4096
7	4097
4	4098
9	4099
7	4100
3	4103
7	4104
3	4105
3	4106
3	4107
3	4108
3	4109
3	4110
3	4111
7	4116
3	4117
3	4119
3	4120
1	4121
3	4122
3	4123
7	4124
3	4125
6	4126
9	4127
3	4128
6	4129
5	4130
3	4131
3	4132
7	4133
8	4134
3	4135
3	4136
3	4137
3	4138
3	4139
5	4140
3	4141
7	4142
3	4143
9	4144
3	4145
3	4146
7	4147
7	4148
3	4149
7	4150
7	4151
3	4152
3	4153
3	4154
2	4155
7	4159
3	4162
3	4163
5	4164
3	4165
3	4166
6	4167
6	4168
6	4169
3	4170
3	4171
3	4173
7	4174
9	4175
7	4176
7	4177
7	4178
3	4179
3	4180
3	4181
3	4183
3	4184
3	4185
7	4186
7	4187
3	4188
7	4189
8	4190
9	4191
6	4192
1	4194
2	4195
7	4197
9	4198
7	4199
7	4200
3	4201
3	4202
3	4203
3	4204
9	4205
3	4206
3	4207
9	4208
3	4209
3	4210
7	4211
7	4212
9	4213
3	4214
3	4215
3	4216
6	4217
6	4218
7	4219
7	4220
9	4221
7	4222
7	4223
7	4224
2	4225
4	4228
7	4229
4	4231
7	4232
3	4233
3	4234
3	4235
3	4236
3	4237
3	4238
9	4240
9	4241
9	4242
9	4243
9	4244
9	4245
9	4246
9	4247
3	4248
3	4249
3	4250
3	4251
7	4252
3	4254
7	4255
3	4256
7	4257
3	4259
3	4260
7	4261
3	4263
7	4264
6	4265
3	4266
3	4267
3	4269
7	4272
8	4273
3	4274
7	4275
9	4276
3	4277
3	4278
3	4279
3	4280
7	4282
3	4283
3	4284
7	4285
3	4289
3	4290
7	4291
4	4292
7	4295
3	4296
9	4297
7	4298
3	4299
1	4303
3	4304
3	4305
3	4306
9	4307
7	4308
9	4310
7	4311
7	4312
7	4313
8	4314
9	4315
7	4316
7	4317
7	4318
8	4319
7	4320
7	4321
7	4322
3	4323
7	4324
7	4325
8	4326
4	4327
4	4328
7	4329
3	4331
7	4332
7	4333
7	4334
9	4335
7	4336
7	4337
9	4338
3	4340
5	4341
7	4342
8	4343
4	4344
7	4345
3	4346
5	4347
3	4348
3	4349
3	4351
3	4352
9	4353
9	4354
9	4355
3	4357
3	4358
7	4359
3	4360
6	4361
3	4362
7	4363
7	4364
3	4365
8	4366
4	4368
4	4369
4	4370
7	4371
4	4372
4	4373
7	4375
7	4377
7	4378
7	4379
7	4380
7	4381
7	4382
6	4383
3	4384
7	4385
3	4386
3	4389
7	4393
7	4394
6	4395
7	4396
7	4397
7	4398
7	4399
9	4400
5	4401
7	4402
7	4403
7	4404
7	4405
0	4406
7	4407
7	4408
5	4409
4	4411
8	4412
7	4413
7	4414
7	4415
8	4416
7	4417
9	4418
3	4422
3	4423
3	4424
8	4425
7	4426
3	4427
7	4428
7	4429
7	4430
7	4431
5	4432
7	4433
7	4434
5	4435
7	4436
6	4437
7	4438
3	4439
7	4440
9	4441
9	4442
7	4443
3	4444
3	4445
7	4446
5	4447
9	4448
3	4449
4	4450
2	4451
4	4452
3	4453
3	4454
6	4455
6	4456
3	4457
7	4458
7	4459
7	4460
7	4461
7	4462
7	4463
3	4464
7	4465
7	4466
3	4467
7	4468
3	4469
7	4470
7	4471
1	4473
9	4474
1	4475
9	4476
7	4477
1	4478
1	4479
3	4480
7	4481
9	4482
9	4483
3	4485
7	4486
9	4487
8	4488
9	4489
1	4490
1	4491
9	4492
1	4493
1	4494
1	4495
6	4496
1	4497
3	4498
9	4500
7	4502
7	4503
7	4504
5	4507
9	4508
9	4509
3	4510
7	4511
7	4516
9	4521
8	4523
6	4524
7	4526
9	4527
3	4528
7	4529
9	4530
7	4531
5	4532
7	4533
7	4534
7	4535
9	4536
3	4538
6	4539
6	4540
6	4541
8	4542
4	4543
4	4544
7	4545
9	4547
9	4550
7	4551
7	4552
7	4553
7	4554
7	4555
7	4556
7	4557
7	4558
7	4560
7	4561
7	4562
9	4563
0	4564
3	4565
9	4566
3	4567
3	4568
4	4569
9	4574
7	4575
9	4576
7	4577
3	4578
2	4580
7	4581
7	4582
7	4583
7	4584
7	4586
9	4587
7	4588
9	4591
7	4592
7	4593
7	4594
7	4595
7	4596
7	4597
8	4598
7	4599
9	4600
7	4601
7	4602
7	4603
8	4604
7	4605
7	4607
7	4608
7	4609
0	4611
7	4612
7	4613
6	4615
8	4616
6	4617
7	4618
7	4619
7	4620
7	4621
3	4622
6	4623
6	4624
9	4625
9	4626
3	4627
6	4629
8	4630
9	4631
5	4632
7	4633
7	4635
7	4636
7	4638
7	4639
7	4640
7	4641
4	4644
9	4645
7	4646
7	4647
7	4648
7	4649
7	4650
7	4651
9	4652
9	4653
9	4654
7	4655
7	4658
7	4659
7	4660
7	4661
7	4662
7	4663
7	4664
7	4665
7	4666
7	4667
7	4668
6	4669
7	4670
9	4671
7	4672
8	4673
7	4674
7	4675
7	4677
7	4678
7	4681
7	4682
9	4683
7	4684
9	4686
8	4687
7	4688
8	4689
7	4692
7	4693
7	4694
7	4695
7	4696
7	4697
7	4698
7	4699
7	4700
7	4701
7	4702
7	4703
7	4704
7	4705
7	4706
7	4707
7	4708
8	4709
7	4710
7	4711
9	4712
8	4713
7	4714
9	4715
7	4716
9	4717
9	4718
7	4719
3	4720
2	4721
7	4723
9	4725
9	4726
7	4727
7	4728
7	4733
7	4735
7	4736
7	4737
7	4738
7	4739
7	4740
7	4741
7	4742
7	4743
7	4744
7	4745
9	4746
9	4748
7	4749
7	4750
7	4751
7	4752
7	4753
7	4754
7	4755
9	4756
7	4757
7	4759
7	4760
3	4761
3	4762
3	4763
8	4764
7	4765
3	4766
8	4767
5	4771
7	4773
7	4774
7	4776
9	4777
7	4778
7	4779
7	4780
9	4781
7	4782
7	4783
7	4785
8	4786
7	4787
5	4788
7	4789
7	4790
8	4791
9	4792
7	4793
7	4794
9	4795
7	4796
9	4797
8	4798
7	4799
7	4800
7	4801
7	4803
7	4804
7	4805
7	4806
7	4807
7	4808
7	4809
7	4810
7	4811
8	4813
7	4814
7	4815
7	4816
7	4817
7	4818
7	4819
7	4820
7	4821
7	4822
7	4823
9	4824
7	4825
7	4826
7	4827
9	4828
9	4829
7	4830
7	4831
6	4832
7	4833
3	4834
3	4835
3	4836
9	4837
9	4838
3	4839
9	4840
3	4841
7	4842
9	4843
3	4844
0	4845
9	4846
3	4847
3	4848
9	4849
7	4850
9	4851
9	4852
7	4853
3	4854
7	4855
1	4856
3	4857
3	4858
9	4859
7	4860
0	4861
1	4862
3	4863
7	4864
7	4866
7	4867
7	4868
7	4869
7	4870
7	4871
7	4872
7	4873
7	4874
7	4875
1	4876
6	4879
9	4880
7	4881
7	4882
8	4883
6	4884
7	4885
5	4886
7	4887
7	4889
7	4890
7	4891
7	4893
9	4894
4	4896
3	4897
7	4898
9	4899
7	4900
7	4901
8	4903
6	4904
6	4905
6	4906
6	4908
6	4909
6	4910
6	4911
6	4912
6	4913
6	4914
6	4915
6	4916
6	4917
6	4918
6	4919
6	4920
6	4921
6	4922
6	4923
9	4924
6	4925
5	4926
7	4927
9	4929
7	4931
7	4932
6	4933
6	4934
9	4935
9	4936
7	4937
9	4938
5	4940
7	4942
7	4943
6	4944
7	4945
4	4946
7	4947
9	4948
7	4950
7	4951
7	4952
7	4953
2	4954
7	4957
8	4960
7	4962
9	4963
9	4964
9	4965
9	4966
9	4967
4	4969
4	4970
4	4971
7	4972
7	4973
9	4974
7	4975
7	4976
9	4977
9	4978
9	4979
9	4980
5	4981
9	4982
5	4983
9	4985
9	4986
7	4987
9	4988
8	4989
7	4991
6	4992
7	4993
8	4994
7	4995
7	4996
7	4999
9	5000
9	5001
6	5002
7	5003
7	5005
9	5006
9	5008
9	5009
6	5010
7	5011
6	5012
9	5013
5	5015
5	5016
9	5017
9	5018
8	5019
9	5020
8	5022
7	5024
7	5026
5	5028
9	5029
5	5031
7	5032
9	5033
7	5035
7	5036
8	5037
8	5038
9	5039
9	5040
4	5043
7	5044
7	5045
7	5046
7	5047
8	5048
9	5050
5	5051
8	5052
5	5053
6	5054
9	5055
7	5057
7	5058
6	5059
2	5060
9	5061
2	5062
2	5063
5	5064
9	5065
8	5067
7	5068
7	5069
5	5070
9	5071
9	5072
9	5073
7	5075
3	5077
9	5078
9	5079
5	5080
4	5081
9	5083
7	5084
7	5085
9	5086
6	5087
9	5088
9	5089
6	5090
6	5091
9	5092
9	5093
8	5095
5	5096
9	5097
6	5098
9	5099
9	5100
5	5102
5	5103
2	5104
9	5105
9	5106
9	5109
9	5110
9	5111
9	5112
5	5114
7	5115
8	5116
7	5117
9	5118
9	5119
7	5120
9	5121
9	5122
9	5123
9	5124
9	5125
9	5126
9	5127
9	5128
9	5129
9	5130
9	5132
7	5133
7	5135
9	5136
9	5138
9	5139
8	5140
9	5141
9	5142
6	5143
9	5144
8	5145
2	5146
5	5148
9	5150
9	5151
9	5152
9	5153
7	5154
9	5155
7	5158
7	5159
9	5160
7	5161
7	5162
7	5163
7	5164
5	5166
7	5167
9	5171
9	5172
6	5173
9	5174
9	5175
9	5176
8	5177
9	5178
9	5179
9	5180
9	5181
9	5182
7	5183
9	5184
8	5185
6	5186
9	5187
8	5188
9	5189
9	5190
9	5191
7	5192
8	5193
8	5194
9	5195
9	5196
8	5197
9	5198
6	5199
9	5200
6	5201
7	5202
9	5203
9	5204
9	5207
9	5208
8	5209
5	5210
7	5213
7	5214
7	5215
9	5216
6	5217
9	5218
9	5219
9	5220
9	5221
9	5222
9	5224
9	5225
9	5226
9	5227
9	5228
9	5229
9	5230
9	5231
7	5232
9	5233
9	5238
9	5239
9	5240
7	5241
7	5242
7	5243
7	5244
7	5245
5	5246
8	5247
8	5248
9	5249
9	5250
9	5251
9	5252
9	5253
8	5254
9	5255
9	5260
7	5261
9	5262
9	5263
9	5264
7	5265
9	5267
8	5269
7	5271
8	5273
6	5274
8	5275
8	5276
9	5277
9	5278
9	5280
9	5281
9	5282
4	5283
9	5284
7	5285
9	5286
9	5287
9	5288
5	5289
9	5290
9	5291
9	5294
8	5295
9	5296
6	5298
9	5299
9	5300
9	5301
9	5303
9	5305
9	5306
9	5308
9	5309
8	5310
9	5311
7	5312
9	5313
9	5314
9	5315
9	5316
9	5317
6	5320
9	5321
9	5322
9	5323
9	5324
7	5326
9	5327
9	5328
9	5329
9	5330
8	5332
9	5333
9	5334
9	5335
7	5336
9	5337
9	5339
9	5341
5	5342
7	5343
7	5344
7	5345
7	5346
7	5347
7	5348
7	5350
7	5351
8	5352
9	5353
9	5354
9	5355
9	5356
9	5357
9	5358
9	5360
9	5361
7	5362
9	5363
7	5364
9	5365
9	5366
9	5367
9	5368
9	5370
9	5371
9	5372
9	5373
9	5374
9	5375
4	5376
4	5377
5	5378
9	5380
8	5381
9	5382
6	5384
9	5385
6	5386
9	5387
9	5388
8	5390
9	5391
9	5392
6	5393
9	5395
9	5396
9	5397
8	5398
9	5399
9	5400
6	5401
9	5404
9	5405
5	5406
8	5410
9	5412
7	5413
7	5414
9	5415
9	5416
9	5417
8	5418
9	5419
6	5421
8	5422
9	5423
8	5424
7	5426
9	5427
9	5428
9	5429
9	5430
9	5431
6	5432
9	5434
9	5435
9	5436
9	5437
9	5438
8	5439
8	5440
9	5442
9	5445
5	5446
7	5447
8	5448
9	5449
7	5452
9	5454
9	5455
8	5456
9	5457
9	5459
9	5460
9	5461
9	5462
9	5463
5	5465
5	5466
9	5467
9	5468
1	5469
1	5470
9	5471
6	5472
9	5473
9	5474
6	5475
3	5476
9	5477
9	5478
8	5479
9	5480
9	5481
9	5482
9	5483
9	5484
9	5485
9	5486
9	5487
9	5488
5	5489
9	5490
9	5491
7	5494
7	5495
7	5496
7	5497
9	5499
5	5500
7	5501
0	5503
9	5504
9	5505
9	5506
9	5507
9	5508
9	5509
9	5510
9	5511
7	5512
9	5513
9	5514
7	5515
7	5516
7	5517
7	5518
7	5519
7	5520
8	5521
7	5522
7	5523
5	5524
7	5525
8	5526
9	5527
9	5528
5	5529
7	5530
8	5531
8	5532
6	5533
9	5534
9	5535
0	5536
9	5537
9	5539
6	5540
9	5541
9	5542
9	5543
7	5544
9	5545
9	5548
8	5549
6	5550
8	5551
8	5552
5	5553
9	5554
9	5555
7	5558
7	5559
8	5561
9	5562
9	5563
9	5564
8	5565
9	5566
7	5567
7	5568
9	5569
9	5570
7	5571
7	5572
7	5573
9	5576
4	5577
9	5578
9	5579
5	5580
9	5581
8	5582
9	5583
8	5584
8	5587
8	5588
8	5589
8	5590
8	5591
7	5592
4	5594
4	5595
8	5596
9	5598
9	5599
9	5600
4	5601
9	5602
9	5603
8	5604
5	5605
9	5606
4	5607
9	5608
4	5609
4	5610
4	5611
9	5612
4	5613
5	5614
4	5615
6	5616
8	5617
7	5620
7	5622
7	5623
9	5624
9	5625
8	5626
9	5627
9	5628
9	5629
9	5630
7	5631
9	5633
9	5635
9	5636
9	5637
9	5638
9	5639
9	5640
7	5643
9	5644
9	5645
6	5646
7	5647
9	5648
0	5649
9	5650
9	5651
9	5652
9	5653
6	5655
6	5656
8	5657
9	5658
9	5659
8	5660
9	5661
9	5662
9	5663
9	5664
8	5665
8	5666
5	5667
9	5668
9	5669
9	5670
6	5671
1	5673
9	5674
9	5675
1	5676
7	5678
7	5679
9	5680
9	5682
9	5683
9	5684
9	5685
5	5686
9	5687
9	5688
7	5689
7	5690
9	5691
6	5692
7	5693
9	5694
0	5695
8	5696
8	5697
0	5698
5	5702
9	5703
9	5704
9	5705
7	5706
9	5707
8	5708
8	5709
9	5710
9	5711
9	5712
9	5713
8	5714
4	5717
9	5718
8	5720
9	5721
9	5722
7	5726
4	5729
4	5730
8	5731
9	5732
9	5733
9	5735
9	5737
5	5738
8	5739
7	5740
8	5741
9	5743
9	5744
9	5745
7	5746
8	5747
7	5748
9	5749
9	5750
9	5751
9	5752
9	5753
9	5754
8	5755
9	5756
9	5757
8	5760
9	5761
8	5763
2	5764
2	5765
7	5766
7	5767
8	5768
8	5769
9	5770
5	5771
8	5772
6	5773
9	5774
9	5775
6	5776
9	5778
9	5780
7	5781
9	5782
9	5783
9	5784
9	5785
9	5786
9	5787
8	5788
4	5789
9	5790
8	5792
4	5793
9	5794
8	5796
8	5797
8	5798
8	5799
5	5800
8	5801
5	5802
9	5803
8	5804
8	5805
6	5806
6	5807
8	5808
9	5809
8	5810
8	5811
5	5812
8	5813
5	5814
6	5815
8	5816
9	5817
8	5818
5	5819
5	5820
8	5821
6	5822
8	5823
8	5824
8	5827
9	5828
8	5829
9	5830
1	5832
9	5833
9	5834
5	5835
9	5836
9	5837
7	5838
5	5839
9	5840
9	5841
9	5842
9	5844
7	5846
9	5848
7	5850
9	5852
9	5853
9	5854
9	5855
9	5856
8	5857
5	5859
9	5860
9	5861
9	5862
9	5863
2	5864
2	5866
2	5868
8	5871
5	5872
9	5873
9	5874
9	5875
9	5876
9	5877
9	5878
7	5880
9	5882
8	5883
9	5884
9	5885
9	5886
5	5887
9	5888
9	5889
8	5890
9	5891
6	5892
7	5895
5	5896
6	5897
9	5899
6	5902
9	5903
8	5907
5	5908
8	5909
4	5910
8	5911
6	5913
7	5914
5	5915
9	5916
7	5917
6	5919
5	5920
6	5921
6	5922
6	5923
9	5924
9	5925
9	5926
5	5927
9	5928
9	5930
9	5931
6	5932
5	5933
8	5934
9	5935
9	5936
9	5937
9	5938
9	5939
8	5940
9	5941
9	5942
5	5943
9	5944
9	5945
5	5946
9	5947
6	5949
8	5950
5	5952
8	5955
8	5956
8	5958
9	5959
9	5960
8	5961
9	5962
9	5963
9	5964
6	5965
6	5966
9	5967
8	5969
7	5970
7	5971
9	5972
9	5973
9	5977
0	5978
8	5980
8	5981
8	5982
8	5983
8	5984
8	5985
8	5986
8	5987
6	5988
8	5989
8	5990
9	5991
9	5992
6	5993
9	5994
8	5995
9	5997
6	5998
5	5999
6	6000
8	6001
7	6002
1	6003
8	6004
1	6005
8	6006
8	6007
7	6009
8	6010
8	6013
8	6014
8	6015
5	6016
8	6017
8	6018
8	6019
9	6020
8	6021
9	6022
8	6023
8	6024
7	6025
7	6026
7	6027
9	6028
9	6029
9	6030
7	6031
5	6032
9	6033
9	6034
9	6035
9	6036
0	6037
8	6038
9	6039
7	6041
9	6042
5	6043
5	6044
7	6045
5	6046
8	6047
9	6048
8	6049
9	6050
8	6051
9	6052
9	6053
8	6054
8	6055
9	6056
9	6057
9	6058
9	6059
8	6060
8	6061
8	6062
8	6063
8	6064
5	6066
5	6067
5	6068
7	6069
5	6070
5	6071
5	6072
5	6073
5	6074
9	6075
9	6077
9	6078
8	6079
8	6080
8	6081
8	6082
9	6083
8	6088
6	6089
6	6090
8	6091
9	6092
6	6093
9	6094
9	6096
6	6097
9	6098
6	6100
6	6101
9	6105
8	6106
8	6107
8	6108
8	6109
8	6110
8	6111
7	6112
7	6113
7	6114
7	6116
8	6118
6	6119
9	6120
5	6121
6	6123
9	6124
8	6126
6	6127
8	6128
8	6129
8	6130
8	6132
8	6133
8	6134
8	6135
6	6139
7	6141
7	6142
7	6143
7	6144
7	6145
7	6146
7	6147
7	6148
6	6149
5	6150
5	6151
9	6152
9	6153
9	6155
8	6156
8	6157
9	6158
8	6160
8	6161
8	6162
9	6164
8	6165
9	6166
9	6168
8	6169
8	6170
5	6174
9	6175
8	6176
6	6177
8	6178
8	6179
6	6180
8	6181
7	6182
8	6183
6	6184
8	6185
8	6186
8	6187
8	6188
8	6190
8	6191
8	6192
8	6193
8	6196
8	6197
6	6198
8	6199
6	6200
8	6201
6	6202
8	6203
8	6204
8	6205
8	6206
8	6207
8	6208
5	6212
8	6213
8	6214
8	6215
8	6216
8	6217
8	6218
8	6219
8	6220
8	6221
8	6222
8	6223
8	6224
9	6225
9	6226
8	6227
8	6228
9	6229
8	6230
8	6232
9	6235
9	6236
8	6239
8	6240
5	6241
8	6242
5	6243
8	6244
8	6245
9	6246
9	6247
8	6248
8	6251
5	6252
2	6253
2	6254
9	6255
7	6257
7	6258
7	6259
8	6261
8	6262
8	6263
8	6264
8	6265
6	6266
6	6267
7	6269
6	6270
8	6271
6	6272
8	6273
5	6274
8	6275
8	6276
7	6278
1	6279
6	6280
9	6281
9	6282
8	6286
8	6287
8	6288
8	6291
8	6292
8	6293
8	6294
8	6295
8	6296
8	6297
8	6298
8	6299
9	6301
9	6302
8	6304
8	6305
8	6306
5	6307
8	6311
8	6312
8	6313
8	6314
9	6315
6	6316
8	6317
8	6319
5	6320
4	6321
8	6323
8	6324
8	6325
8	6326
6	6327
9	6328
6	6330
8	6331
8	6332
8	6333
8	6334
9	6337
8	6339
8	6340
8	6344
8	6346
8	6347
8	6348
8	6349
8	6350
8	6351
0	6355
8	6356
8	6359
6	6360
8	6366
5	6367
8	6371
8	6374
8	6375
8	6376
8	6377
8	6378
8	6379
8	6380
8	6381
5	6383
8	6387
8	6388
8	6389
8	6391
8	6392
8	6393
8	6394
8	6395
8	6396
8	6397
8	6398
8	6399
8	6400
8	6406
8	6407
6	6408
8	6409
8	6410
8	6411
8	6412
8	6413
5	6414
8	6415
6	6416
8	6417
5	6421
5	6422
6	6423
8	6424
8	6426
8	6427
8	6428
8	6429
8	6430
8	6431
8	6432
8	6435
8	6436
8	6437
8	6439
8	6440
8	6441
6	6442
5	6443
8	6444
5	6445
8	6446
8	6447
8	6448
8	6450
8	6451
8	6452
8	6453
8	6454
8	6455
8	6456
8	6457
8	6458
6	6459
5	6460
6	6461
8	6462
6	6464
8	6466
8	6467
8	6468
8	6469
8	6470
6	6471
8	6472
8	6474
8	6475
9	6477
9	6478
8	6479
8	6480
8	6481
8	6483
5	6484
8	6485
6	6486
8	6487
8	6488
6	6489
8	6490
8	6491
8	6492
8	6493
5	6494
7	6495
8	6496
8	6497
8	6498
8	6500
8	6501
5	6502
6	6503
8	6504
8	6505
8	6506
8	6507
8	6508
8	6509
8	6510
8	6511
8	6513
8	6514
8	6515
8	6516
8	6517
6	6518
8	6519
8	6520
8	6521
8	6522
5	6523
5	6524
8	6525
8	6526
8	6527
8	6528
7	6529
6	6530
8	6532
8	6533
8	6534
8	6535
8	6536
8	6537
8	6538
8	6539
5	6541
5	6542
8	6543
8	6544
8	6545
8	6546
9	6547
5	6548
5	6550
8	6551
8	6552
7	6553
8	6554
5	6555
5	6560
8	6561
6	6563
8	6565
8	6566
8	6567
6	6568
8	6570
8	6571
8	6572
8	6573
8	6574
8	6575
8	6576
8	6577
6	6578
6	6579
6	6580
6	6581
6	6582
6	6583
6	6584
6	6585
6	6586
6	6587
6	6588
8	6589
8	6590
8	6592
8	6594
8	6595
5	6596
6	6598
8	6599
8	6600
8	6601
8	6602
8	6603
8	6604
8	6605
8	6606
8	6607
8	6608
6	6609
6	6611
6	6612
8	6613
6	6614
6	6615
6	6616
8	6617
5	6618
6	6619
6	6620
8	6621
6	6622
6	6623
5	6624
8	6625
8	6626
8	6627
8	6628
8	6630
8	6632
5	6633
5	6634
6	6635
6	6636
5	6638
8	6639
8	6641
6	6643
8	6644
8	6645
6	6646
8	6647
8	6648
8	6649
8	6650
8	6651
8	6652
8	6653
8	6654
6	6655
9	6656
5	6657
7	6658
8	6660
8	6661
8	6663
8	6665
8	6666
8	6668
8	6670
6	6671
8	6672
8	6673
8	6674
8	6675
5	6676
8	6677
8	6678
8	6679
8	6680
6	6681
8	6682
8	6683
8	6684
8	6685
8	6686
2	6687
2	6688
2	6689
2	6690
2	6691
5	6692
8	6695
8	6696
8	6697
8	6698
8	6699
8	6700
8	6701
6	6702
8	6703
8	6705
8	6706
8	6707
2	6709
8	6710
6	6711
5	6712
5	6713
6	6714
8	6715
8	6717
8	6718
8	6719
8	6720
8	6721
8	6723
6	6724
8	6725
8	6726
6	6727
6	6728
8	6729
8	6730
8	6731
8	6732
6	6734
8	6735
6	6736
8	6737
8	6738
8	6739
8	6744
8	6745
6	6746
6	6747
8	6749
8	6751
8	6752
8	6753
8	6755
6	6756
8	6757
6	6758
5	6759
8	6760
8	6761
5	6762
8	6764
8	6765
6	6766
8	6767
8	6768
8	6769
8	6770
8	6771
5	6772
8	6773
6	6774
8	6775
8	6776
8	6777
8	6778
6	6779
5	6780
8	6781
8	6782
8	6783
6	6784
8	6787
8	6788
6	6789
6	6790
9	6791
8	6793
8	6794
8	6795
8	6797
8	6798
8	6800
6	6801
8	6802
8	6803
6	6804
8	6805
4	6806
8	6807
8	6808
8	6809
8	6810
8	6811
8	6812
8	6813
8	6815
9	6816
8	6818
8	6819
8	6821
8	6822
8	6824
6	6826
8	6828
8	6829
6	6832
8	6833
6	6834
8	6835
8	6836
8	6837
8	6840
8	6841
8	6842
8	6843
8	6844
6	6845
8	6846
8	6847
6	6848
8	6850
8	6852
8	6854
8	6855
9	6856
8	6858
5	6859
8	6860
8	6861
8	6862
8	6863
6	6864
8	6865
5	6866
8	6867
8	6869
8	6870
6	6871
8	6873
5	6875
8	6876
8	6877
8	6878
6	6880
6	6881
6	6883
8	6884
6	6885
6	6886
5	6889
8	6890
8	6892
6	6895
8	6896
8	6897
6	6899
5	6900
8	6901
5	6902
5	6903
5	6904
9	6905
6	6906
5	6907
7	6908
9	6909
9	6910
6	6911
6	6912
6	6913
5	6914
6	6915
5	6916
6	6917
5	6918
8	6920
8	6921
8	6922
6	6923
5	6924
8	6926
8	6927
8	6928
8	6929
8	6930
8	6933
5	6934
6	6935
5	6936
8	6938
8	6940
5	6941
6	6942
7	6943
6	6945
5	6946
8	6947
8	6948
6	6949
8	6950
5	6951
6	6953
6	6954
6	6955
6	6958
6	6959
8	6960
8	6961
8	6962
8	6963
0	6965
4	6967
5	6968
5	6969
6	6971
9	6972
6	6974
6	6975
6	6976
8	6978
5	6979
5	6980
6	6981
6	6982
5	6983
6	6984
6	6985
6	6986
8	6987
5	6990
6	6991
5	6993
6	6994
6	6995
8	6996
8	6997
6	6998
6	6999
6	7000
6	7001
6	7002
6	7003
6	7004
5	7005
6	7006
6	7007
6	7008
6	7009
6	7010
6	7011
5	7012
6	7013
6	7014
6	7015
6	7016
6	7017
6	7018
6	7019
6	7020
5	7021
6	7022
6	7023
6	7024
6	7025
5	7026
6	7027
6	7028
6	7029
6	7030
6	7031
6	7032
6	7033
8	7034
6	7035
6	7036
9	7037
6	7038
6	7040
6	7041
6	7042
5	7043
5	7044
5	7045
6	7046
5	7047
5	7048
5	7049
5	7050
5	7051
6	7052
5	7053
5	7054
5	7055
5	7056
5	7057
5	7059
6	7060
6	7061
5	7062
6	7063
6	7064
4	7065
6	7070
6	7071
6	7072
6	7073
6	7074
7	7079
5	7080
6	7082
5	7084
5	7085
5	7086
5	7087
6	7088
6	7089
5	7090
5	7092
6	7094
5	7095
6	7096
6	7098
6	7099
6	7100
6	7101
6	7103
6	7104
6	7106
6	7107
6	7108
6	7109
7	7110
6	7111
6	7112
6	7113
6	7114
6	7115
5	7116
6	7117
6	7118
6	7119
5	7120
6	7121
6	7122
6	7123
6	7124
6	7125
6	7126
6	7127
6	7128
6	7129
6	7130
6	7131
6	7132
6	7133
6	7134
6	7135
6	7136
6	7137
6	7138
6	7139
6	7140
6	7142
6	7143
6	7144
6	7145
6	7146
6	7149
5	7150
6	7151
5	7153
6	7154
6	7155
6	7156
6	7157
6	7158
6	7159
6	7160
6	7161
6	7162
6	7163
6	7164
6	7165
6	7166
6	7167
6	7168
6	7170
5	7171
6	7172
6	7173
6	7174
6	7175
6	7176
6	7177
6	7178
6	7179
6	7180
6	7181
5	7183
6	7184
6	7185
6	7186
3	7187
6	7188
8	7189
6	7190
6	7191
9	7192
9	7193
6	7194
6	7195
4	7197
6	7198
6	7199
6	7201
6	7203
6	7204
6	7205
6	7206
6	7210
6	7211
6	7212
6	7214
6	7215
6	7217
2	7218
2	7219
9	7220
9	7221
6	7222
8	7223
5	7225
6	7226
5	7227
6	7228
6	7229
6	7230
5	7231
5	7232
5	7233
5	7234
5	7235
6	7236
5	7237
5	7238
6	7239
6	7240
6	7241
5	7243
6	7245
6	7246
6	7250
6	7251
6	7252
6	7253
6	7254
8	7255
6	7257
6	7260
5	7262
6	7265
6	7266
6	7267
6	7268
6	7269
6	7270
6	7271
6	7273
6	7276
5	7277
6	7278
5	7279
5	7280
6	7281
6	7282
6	7283
6	7284
6	7285
6	7286
6	7287
6	7289
6	7290
1	7291
1	7292
6	7293
5	7294
6	7295
6	7296
9	7297
6	7298
6	7299
6	7300
6	7301
6	7302
6	7304
6	7305
6	7306
8	7309
8	7310
6	7315
7	7316
6	7317
6	7318
6	7319
6	7320
5	7321
6	7323
6	7326
6	7327
6	7329
6	7330
8	7332
6	7333
6	7335
8	7336
8	7337
5	7341
6	7342
6	7343
6	7344
6	7345
6	7347
6	7348
6	7349
5	7350
6	7351
5	7352
6	7353
6	7354
6	7355
5	7357
6	7359
6	7360
6	7362
6	7363
6	7365
6	7371
5	7372
6	7373
8	7374
6	7376
8	7377
5	7378
6	7379
6	7380
6	7381
9	7382
3	7383
5	7386
5	7387
5	7389
5	7390
5	7391
8	7392
5	7393
7	7394
6	7397
5	7400
6	7401
7	7402
6	7403
6	7404
5	7405
6	7407
5	7409
6	7413
6	7414
5	7415
8	7416
6	7417
6	7418
6	7419
6	7420
5	7421
6	7422
6	7423
7	7424
5	7425
7	7426
7	7427
7	7428
7	7429
7	7430
7	7431
5	7434
6	7436
6	7439
6	7440
6	7441
6	7442
5	7443
6	7444
6	7445
6	7446
6	7447
6	7448
5	7449
6	7450
6	7451
6	7452
6	7453
6	7454
6	7455
6	7456
6	7457
6	7458
6	7459
6	7461
6	7462
6	7465
6	7466
6	7467
6	7468
6	7469
6	7470
5	7471
5	7472
6	7473
6	7474
6	7476
6	7477
6	7478
6	7480
6	7481
6	7482
6	7483
6	7484
6	7485
6	7486
6	7487
5	7490
6	7491
7	7492
5	7493
6	7494
6	7495
6	7497
6	7498
5	7501
5	7502
5	7503
6	7505
5	7506
6	7508
6	7509
6	7510
5	7511
5	7512
6	7513
6	7514
6	7515
5	7517
6	7518
6	7520
8	7522
8	7523
8	7524
8	7525
6	7527
6	7528
6	7529
5	7531
6	7533
6	7534
5	7535
5	7536
5	7537
5	7538
5	7540
5	7544
5	7545
6	7546
5	7549
5	7550
5	7553
6	7554
6	7557
6	7561
5	7563
5	7564
1	7565
6	7567
5	7569
5	7570
5	7571
5	7572
5	7574
1	7576
1	7577
5	7578
5	7579
5	7580
1	7581
6	7583
6	7585
5	7586
5	7587
5	7588
5	7590
5	7593
5	7594
5	7595
6	7597
5	7598
5	7599
5	7600
6	7601
5	7602
7	7604
7	7605
6	7608
5	7609
6	7610
6	7611
6	7613
5	7614
5	7615
5	7616
5	7617
5	7618
5	7619
5	7620
5	7623
5	7624
5	7625
5	7626
6	7629
6	7630
5	7632
5	7634
5	7636
5	7637
6	7638
6	7639
6	7642
6	7644
6	7645
6	7646
5	7647
5	7648
5	7649
6	7650
5	7651
5	7652
6	7653
5	7658
5	7659
6	7660
6	7661
5	7662
5	7663
5	7664
5	7665
5	7666
5	7668
5	7669
5	7670
5	7672
6	7673
5	7675
5	7676
5	7677
5	7678
5	7679
5	7682
5	7683
5	7684
5	7685
5	7686
5	7687
6	7688
6	7690
5	7691
5	7694
5	7695
5	7696
5	7697
5	7698
5	7699
5	7701
5	7703
5	7704
5	7705
6	7706
5	7707
3	7708
5	7715
5	7716
5	7717
5	7719
5	7720
5	7721
5	7724
5	7726
5	7727
5	7728
6	7729
6	7730
6	7732
5	7733
6	7734
4	7735
5	7736
6	7737
5	7738
5	7740
5	7741
5	7742
5	7743
5	7744
5	7745
5	7747
5	7750
5	7751
5	7752
5	7753
5	7754
5	7755
5	7756
5	7757
5	7758
5	7759
5	7760
5	7761
5	7762
5	7763
5	7765
5	7766
5	7767
5	7768
5	7769
5	7770
5	7771
5	7772
5	7773
5	7774
5	7775
5	7777
5	7778
6	7779
5	7780
6	7781
6	7782
6	7783
5	7788
5	7789
5	7790
5	7791
5	7792
5	7795
5	7796
5	7797
5	7799
5	7800
5	7801
5	7802
5	7803
5	7804
5	7805
5	7806
5	7808
5	7809
5	7810
5	7812
5	7813
5	7814
5	7815
5	7818
5	7819
5	7821
5	7822
2	7826
2	7827
2	7828
5	7829
5	7830
5	7831
5	7832
5	7833
5	7834
5	7835
5	7836
5	7837
5	7839
5	7840
5	7841
8	7842
5	7843
9	7844
5	7845
9	7848
5	7849
5	7850
5	7851
5	7852
5	7853
5	7854
5	7855
5	7856
5	7857
5	7860
5	7861
5	7862
8	7863
5	7864
5	7865
5	7866
5	7867
5	7868
5	7869
5	7870
5	7871
5	7873
5	7874
8	7875
5	7877
5	7878
5	7879
5	7881
5	7882
5	7883
5	7884
5	7885
5	7886
5	7887
5	7888
5	7889
5	7890
5	7891
5	7892
5	7893
5	7894
6	7899
5	7900
5	7901
5	7902
6	7903
5	7904
5	7905
5	7906
5	7907
5	7908
5	7909
5	7910
5	7911
5	7912
6	7913
5	7914
5	7915
5	7916
5	7919
5	7920
5	7921
5	7922
5	7923
5	7924
5	7925
5	7927
5	7928
6	7929
8	7930
5	7931
5	7932
6	7933
6	7934
9	7935
5	7937
5	7938
5	7939
5	7940
5	7941
5	7942
5	7944
5	7945
5	7946
5	7948
5	7949
5	7950
5	7952
5	7953
5	7954
5	7955
5	7956
8	7957
5	7959
5	7960
5	7961
5	7964
5	7965
5	7966
5	7967
5	7968
5	7969
5	7970
6	7972
6	7973
5	7974
5	7975
5	7976
5	7978
5	7979
5	7980
6	7981
6	7982
5	7985
6	7986
5	7991
5	7992
6	7993
5	7994
5	7995
5	7996
5	7998
5	7999
5	8000
5	8001
5	8002
5	8005
5	8006
5	8007
5	8009
5	8010
5	8011
5	8012
5	8013
6	8014
6	8015
5	8019
6	8020
6	8021
5	8023
5	8024
5	8025
6	8027
6	8028
5	8033
5	8035
5	8036
5	8037
5	8038
5	8040
5	8041
5	8042
5	8043
5	8044
5	8045
5	8046
5	8047
5	8048
5	8049
5	8050
5	8051
5	8052
5	8053
5	8054
5	8055
5	8056
5	8057
5	8058
5	8060
5	8061
8	8062
5	8063
8	8064
8	8065
6	8066
5	8068
5	8069
5	8070
5	8071
5	8072
5	8073
7	8074
7	8075
7	8076
5	8077
5	8079
6	8080
6	8081
5	8083
5	8084
5	8085
5	8086
5	8087
5	8088
5	8089
5	8090
8	8091
5	8092
8	8093
5	8094
8	8095
8	8096
5	8097
6	8098
6	8099
6	8100
6	8101
6	8102
6	8103
6	8104
6	8105
6	8106
5	8107
6	8108
6	8109
6	8110
6	8111
6	8112
6	8114
6	8115
5	8118
5	8119
5	8120
5	8121
5	8122
5	8124
5	8126
5	8128
5	8130
5	8131
5	8132
5	8133
5	8134
5	8135
5	8136
5	8137
5	8138
8	8139
5	8140
5	8141
5	8142
5	8144
5	8145
5	8146
5	8147
5	8148
8	8149
5	8150
5	8152
5	8153
5	8155
5	8156
5	8157
5	8158
5	8159
5	8161
5	8162
5	8163
5	8165
5	8166
5	8167
5	8168
5	8169
5	8170
5	8171
5	8172
5	8173
5	8174
9	8175
5	8177
5	8178
5	8179
5	8180
5	8181
5	8182
5	8183
5	8184
4	8186
5	8187
5	8189
5	8190
5	8192
5	8193
5	8194
5	8195
5	8196
5	8197
5	8198
2	8199
5	8202
5	8203
5	8204
5	8205
5	8206
5	8209
5	8211
5	8212
5	8213
5	8214
5	8215
5	8216
5	8219
5	8221
5	8222
5	8224
6	8225
7	8226
7	8227
5	8229
5	8231
5	8232
5	8233
5	8235
8	8236
5	8237
5	8238
5	8241
5	8242
5	8243
5	8244
5	8245
5	8246
5	8248
5	8249
5	8251
5	8252
5	8253
5	8254
5	8255
5	8256
8	8260
8	8261
5	8262
5	8263
5	8264
5	8265
5	8266
5	8270
5	8271
5	8272
5	8273
5	8274
5	8275
5	8276
5	8277
0	8282
0	8283
0	8284
0	8285
0	8286
0	8287
1	8288
1	8289
2	8290
2	8291
7	8292
3	8293
3	8294
9	8295
7	8296
8	8297
